inst/ext/rfann.asc
ncols        142
nrows        86
xllcorner    -9.490834236111
yllcorner    36.006103515556
cellsize     0.090000000000
NODATA_value   -nan
[rows 0 to 18 of 86, columns 0 to 43 of 142]
-nan -nan -nan -nan -nan -nan -nan -nan -nan -nan -nan -nan -nan -nan -nan -nan -nan 1.587753276076937059 -nan 1.3923076138327654672 1.1577728191397593793 1.0795945542420908314 -nan -nan -nan -nan -nan -nan -nan -nan -nan -nan -nan -nan -nan -nan -nan -nan -nan -nan -nan -nan -nan -nan
-nan -nan -nan -nan -nan -nan -nan -nan -nan -nan -nan -nan -nan -nan -nan 1.3141293489350966972 1.626842408525771333 1.3532184813839309712 1.626842408525771333 1.4313967462815997411 1.3923076138327654672 1.7441098058722743769 1.3923076138327654672 1.3923076138327654672 -nan -nan -nan -nan -nan -nan -nan -nan -nan -nan -nan -nan -nan -nan -nan -nan -nan -nan -nan -nan
-nan -nan -nan -nan -nan -nan -nan -nan -nan -nan -nan -nan -nan 1.6659315409746056069 1.509575011179268289 1.509575011179268289 1.626842408525771333 1.9395554681164459687 2.0568228654629487906 1.9004663356676116948 1.7441098058722743769 1.9004663356676116948 1.0795945542420908314 1.2750402164862624232 0.92323802444675340251 0.88414889199791901753 0.84505975954908474357 0.80597062710025035859 0.80597062710025035859 0.80597062710025035859 0.68870322975374742569 0.76688149465141608463 0.72779236220258169965 0.72779236220258169965 0.76688149465141608463 1.0014162893444220614 0.80597062710025035859 0.84505975954908474357 0.80597062710025035859 0.72779236220258169965 0.80597062710025035859 0.76688149465141608463 -nan 0.80597062710025035859
-nan -nan -nan -nan -nan -nan -nan -nan -nan -nan -nan -nan -nan -nan 1.4704858787304340151 1.9004663356676116948 2.1350011303606177826 1.6659315409746056069 2.0959119979117835086 2.0177337330141145166 2.0959119979117835086 2.0959119979117835086 1.8222880707699429248 0.96232715689558767647 1.1968619515885936533 1.2359510840374281493 0.80597062710025035859 0.84505975954908474357 0.92323802444675340251 1.587753276076937059 0.80597062710025035859 1.1577728191397593793 1.1968619515885936533 0.92323802444675340251 1.1186836866909251054 1.1186836866909251054 0.76688149465141608463 0.61052496485607876675 0.92323802444675340251 1.0405054217932563354 0.80597062710025035859 0.72779236220258169965 0.88414889199791901753 0.80597062710025035859
-nan -nan -nan -nan -nan -nan -nan -nan -nan -nan -nan 1.587753276076937059 -nan 1.4313967462815997411 1.626842408525771333 1.9004663356676116948 1.8613772032187774208 2.0177337330141145166 1.9395554681164459687 1.9786446005652802427 1.7831989383211086508 1.9004663356676116948 1.6659315409746056069 1.8222880707699429248 1.3141293489350966972 0.92323802444675340251 1.1186836866909251054 1.2750402164862624232 1.548664143628102785 0.96232715689558767647 0.88414889199791901753 1.1968619515885936533 0.92323802444675340251 1.1577728191397593793 1.1968619515885936533 1.0014162893444220614 1.0014162893444220614 0.84505975954908474357 0.68870322975374742569 0.68870322975374742569 0.72779236220258169965 0.68870322975374742569 0.72779236220258169965 0.76688149465141608463
-nan -nan -nan -nan -nan -nan 1.548664143628102785 1.6659315409746056069 1.587753276076937059 1.8222880707699429248 2.0959119979117835086 1.9786446005652802427 1.587753276076937059 1.548664143628102785 1.6659315409746056069 2.0959119979117835086 2.4086250575024581444 2.2522685277071206045 1.9786446005652802427 1.9395554681164459687 1.7050206734234401029 1.548664143628102785 1.4313967462815997411 1.548664143628102785 1.509575011179268289 1.2750402164862624232 1.4704858787304340151 1.1968619515885936533 0.84505975954908474357 0.96232715689558767647 0.92323802444675340251 1.1186836866909251054 1.1186836866909251054 0.80597062710025035859 0.57143583240724438177 0.92323802444675340251 0.96232715689558767647 0.92323802444675340251 0.84505975954908474357 0.80597062710025035859 0.76688149465141608463 0.80597062710025035859 0.68870322975374742569 0.72779236220258169965
-nan -nan -nan -nan -nan 1.7441098058722743769 1.626842408525771333 1.8222880707699429248 1.8613772032187774208 2.0959119979117835086 2.5649815872977952402 2.1350011303606177826 2.4477141899512924184 1.7441098058722743769 1.9395554681164459687 2.3695359250536238704 2.1740902628094520566 2.0568228654629487906 1.8613772032187774208 1.7050206734234401029 1.626842408525771333 1.4704858787304340151 1.3923076138327654672 1.3923076138327654672 1.4704858787304340151 1.3141293489350966972 1.4704858787304340151 1.3141293489350966972 1.1968619515885936533 1.1968619515885936533 1.9395554681164459687 0.84505975954908474357 0.80597062710025035859 0.92323802444675340251 1.7050206734234401029 0.61052496485607876675 1.4313967462815997411 0.84505975954908474357 0.84505975954908474357 1.8613772032187774208 0.68870322975374742569 0.76688149465141608463 0.76688149465141608463 0.88414889199791901753
-nan -nan -nan 1.2359510840374281493 1.8613772032187774208 1.8613772032187774208 2.2522685277071206045 2.4086250575024581444 2.6431598521954637881 2.6431598521954637881 2.5258924548489609663 2.5258924548489609663 2.4868033224001266923 2.4868033224001266923 2.5258924548489609663 2.4086250575024581444 2.2522685277071206045 2.4868033224001266923 2.0177337330141145166 1.9004663356676116948 1.509575011179268289 1.509575011179268289 1.509575011179268289 1.7050206734234401029 1.4313967462815997411 1.2750402164862624232 1.3923076138327654672 1.1968619515885936533 0.61052496485607876675 1.0795945542420908314 0.88414889199791901753 1.1186836866909251054 1.1577728191397593793 0.92323802444675340251 1.626842408525771333 1.0405054217932563354 0.88414889199791901753 1.3923076138327654672 1.3532184813839309712 0.92323802444675340251 0.45416843506074139336 1.0014162893444220614 0.72779236220258169965 0.68870322975374742569
-nan -nan 1.3532184813839309712 1.3141293489350966972 2.3304467926047891524 2.0177337330141145166 2.2913576601559548784 2.3695359250536238704 2.7604272495419670541 2.5258924548489609663 2.5649815872977952402 2.4868033224001266923 2.5258924548489609663 2.3695359250536238704 2.4868033224001266923 2.4477141899512924184 2.5649815872977952402 2.3695359250536238704 1.9395554681164459687 1.9004663356676116948 1.7831989383211086508 1.4704858787304340151 1.3923076138327654672 1.2750402164862624232 1.6659315409746056069 1.4313967462815997411 1.3923076138327654672 1.0795945542420908314 1.3532184813839309712 1.0014162893444220614 1.626842408525771333 1.1186836866909251054 1.2750402164862624232 1.1186836866909251054 1.9395554681164459687 1.8613772032187774208 1.509575011179268289 1.9786446005652802427 1.0014162893444220614 1.548664143628102785 0.49325756750957572283 1.626842408525771333 1.7441098058722743769 1.2750402164862624232
-nan -nan 1.1186836866909251054 -nan 2.2913576601559548784 2.2131793952582863305 2.5258924548489609663 2.6040707197466295142 2.4868033224001266923 2.6822489846442985062 2.7995163819908013281 2.7604272495419670541 2.6431598521954637881 2.5649815872977952402 2.4086250575024581444 2.2131793952582863305 2.1350011303606177826 2.1350011303606177826 2.0568228654629487906 1.9395554681164459687 1.7441098058722743769 1.509575011179268289 1.2359510840374281493 1.3141293489350966972 1.2750402164862624232 1.3141293489350966972 1.0795945542420908314 1.0014162893444220614 1.626842408525771333 1.8222880707699429248 2.0177337330141145166 2.0959119979117835086 1.9786446005652802427 1.8613772032187774208 1.9395554681164459687 0.92323802444675340251 1.4313967462815997411 1.8613772032187774208 1.3141293489350966972 1.0795945542420908314 1.1577728191397593793 1.2750402164862624232 0.61052496485607876675 1.0014162893444220614
-nan -nan -nan -nan 1.8613772032187774208 2.2131793952582863305 1.9786446005652802427 2.877694646888469876 2.5258924548489609663 2.3304467926047891524 2.2913576601559548784 2.7995163819908013281 2.1350011303606177826 2.1350011303606177826 2.6822489846442985062 2.2522685277071206045 2.2913576601559548784 2.1350011303606177826 2.0568228654629487906 2.0568228654629487906 1.4313967462815997411 1.2750402164862624232 1.3532184813839309712 1.1968619515885936533 1.2750402164862624232 1.3532184813839309712 1.3923076138327654672 1.3141293489350966972 1.587753276076937059 1.587753276076937059 0.96232715689558767647 1.0014162893444220614 0.92323802444675340251 0.61052496485607876675 1.3141293489350966972 2.1350011303606177826 1.7441098058722743769 0.76688149465141608463 0.68870322975374742569 0.64961409730491304071 0.64961409730491304071 1.0405054217932563354 0.18054450791890108707 0.37599017016307273442
-nan -nan -nan -nan -nan -nan 2.3304467926047891524 2.6431598521954637881 2.7995163819908013281 2.1740902628094520566 2.2913576601559548784 2.5258924548489609663 2.7995163819908013281 2.6431598521954637881 2.994962044234973142 2.3695359250536238704 2.4477141899512924184 2.4868033224001266923 2.0568228654629487906 1.8222880707699429248 1.7831989383211086508 1.587753276076937059 1.509575011179268289 1.2750402164862624232 1.2750402164862624232 2.2131793952582863305 1.8222880707699429248 1.7831989383211086508 1.509575011179268289 1.4704858787304340151 0.57143583240724438177 0.45416843506074139336 0.84505975954908474357 1.2750402164862624232 1.4704858787304340151 0.57143583240724438177 0.61052496485607876675 0.84505975954908474357 0.68870322975374742569 0.41507930261190706389 0.18054450791890108707 0.25872277281656974601 0.024187978123563765726 0.063277110572398098665
-nan -nan -nan -nan -nan 2.9558729117861384239 1.9786446005652802427 -nan 2.7995163819908013281 2.838605514439635602 3.2685859713768135038 3.0340511766838074159 3.2294968389279787857 3.2685859713768135038 2.6431598521954637881 2.6822489846442985062 2.5258924548489609663 2.6040707197466295142 1.9786446005652802427 1.3923076138327654672 1.509575011179268289 1.626842408525771333 1.1186836866909251054 1.2359510840374281493 1.7831989383211086508 1.7050206734234401029 1.587753276076937059 1.7441098058722743769 0.80597062710025035859 1.0405054217932563354 0.29781190526540407548 0.25872277281656974601 0.25872277281656974601 0.25872277281656974601 0.18054450791890108707 0.41507930261190706389 0.45416843506074139336 0.29781190526540407548 0.1414553754700667576 0.10236624302123242813 -0.093079419222939233092 -0.014901154325270565479 -0.17125768412060787815 -0.24943594901827656485
-nan -nan -nan -nan -nan -nan -nan 2.2913576601559548784 2.4086250575024581444 2.7995163819908013281 3.3076751038256477777 3.0340511766838074159 3.1122294415814759638 3.3467642362744820517 3.0340511766838074159 2.838605514439635602 2.7604272495419670541 2.6822489846442985062 2.1740902628094520566 1.3923076138327654672 1.548664143628102785 1.0405054217932563354 1.0405054217932563354 1.0405054217932563354 1.2750402164862624232 1.9786446005652802427 1.509575011179268289 1.0405054217932563354 0.80597062710025035859 0.64961409730491304071 0.1414553754700667576 0.063277110572398098665 0.18054450791890108707 0.80597062710025035859 0.10236624302123242813 0.61052496485607876675 0.45416843506074139336 0.10236624302123242813 0.024187978123563765726 -0.13216855167177354868 -0.24943594901827656485 -0.24943594901827656485 -0.3667033463647795255 -0.40579247881361385497
-nan -nan -nan -nan -nan -nan 2.4477141899512924184 2.4868033224001266923 3.5031207660698191475 3.1122294415814759638 3.3858533687233163256 3.4249425011721505996 3.3858533687233163256 3.2294968389279787857 2.5649815872977952402 2.7213381170931327802 2.2131793952582863305 1.9004663356676116948 2.0177337330141145166 1.0795945542420908314 1.2359510840374281493 1.0795945542420908314 1.2359510840374281493 1.3141293489350966972 0.53234669995841010781 0.57143583240724438177 1.626842408525771333 1.2359510840374281493 0.53234669995841010781 0.1414553754700667576 0.49325756750957572283 0.80597062710025035859 0.18054450791890108707 0.68870322975374742569 1.0795945542420908314 0.33690103771423840495 0.1414553754700667576 -0.053990286774104896683 -0.17125768412060787815 -0.24943594901827656485 -0.3667033463647795255 -0.40579247881361385497 -0.44488161126244823995 -0.48397074371128256942
-nan -nan -nan -nan -nan -nan -nan -nan 2.994962044234973142 3.3858533687233163256 3.2294968389279787857 3.3858533687233163256 3.5812990309674881395 2.9167837793373041499 2.6822489846442985062 2.3695359250536238704 1.587753276076937059 1.7831989383211086508 1.0014162893444220614 1.626842408525771333 1.7050206734234401029 0.84505975954908474357 1.4704858787304340151 1.548664143628102785 1.509575011179268289 0.80597062710025035859 0.76688149465141608463 1.2750402164862624232 0.76688149465141608463 1.0795945542420908314 1.3141293489350966972 0.10236624302123242813 2.2522685277071206045 1.587753276076937059 0.64961409730491304071 0.25872277281656974601 0.10236624302123242813 -0.093079419222939233092 -0.32761421391594519603 -0.40579247881361385497 -0.44488161126244823995 -0.48397074371128256942 -0.52305987616011684338 -0.60123814105778550232
-nan -nan -nan -nan -nan -nan -nan 2.5649815872977952402 2.7995163819908013281 2.6040707197466295142 3.0340511766838074159 3.4640316336209848735 3.3467642362744820517 3.5812990309674881395 2.2913576601559548784 1.9004663356676116948 1.9786446005652802427 1.626842408525771333 1.3141293489350966972 1.7050206734234401029 1.548664143628102785 2.0568228654629487906 2.1350011303606177826 1.626842408525771333 2.0177337330141145166 1.1968619515885936533 0.92323802444675340251 1.1577728191397593793 1.3923076138327654672 1.7831989383211086508 1.4313967462815997411 1.2750402164862624232 0.88414889199791901753 0.61052496485607876675 0.61052496485607876675 0.92323802444675340251 -0.093079419222939233092 -0.21034681656944223538 -0.3667033463647795255 -0.48397074371128256942 -0.56214900860895122836 -0.60123814105778550232 -0.60123814105778550232 -0.67941640595545416126
-nan -nan -nan -nan -nan -nan -nan -nan 2.994962044234973142 3.1513185740303102378 2.6822489846442985062 3.1904077064791445117 3.3467642362744820517 3.0340511766838074159 2.0568228654629487906 2.2913576601559548784 1.8222880707699429248 1.587753276076937059 1.7441098058722743769 1.8613772032187774208 1.6659315409746056069 2.2131793952582863305 2.4477141899512924184 3.0340511766838074159 2.3695359250536238704 1.7050206734234401029 1.1577728191397593793 1.7050206734234401029 1.7441098058722743769 2.6822489846442985062 2.2913576601559548784 1.2750402164862624232 1.3532184813839309712 1.8222880707699429248 0.76688149465141608463 0.18054450791890108707 -0.13216855167177354868 -0.28852508146711086656 -0.40579247881361385497 -0.48397074371128256942 -0.60123814105778550232 -0.6403272735066198873 -0.67941640595545416126 -0.71850553840428854624
-nan -nan -nan -nan -nan -nan 2.3695359250536238704 2.4477141899512924184 3.5812990309674881395 2.5258924548489609663 2.5649815872977952402 2.6822489846442985062 2.9167837793373041499 2.0959119979117835086 2.7604272495419670541 2.6040707197466295142 2.877694646888469876 2.6040707197466295142 2.1350011303606177826 1.8613772032187774208 2.0568228654629487906 2.0177337330141145166 2.0568228654629487906 2.3695359250536238704 1.8613772032187774208 1.1968619515885936533 1.7441098058722743769 1.6659315409746056069 2.2913576601559548784 1.9786446005652802427 0.72779236220258169965 0.57143583240724438177 0.53234669995841010781 0.29781190526540407548 0.10236624302123242813 -0.053990286774104896683 -0.28852508146711086656 -0.32761421391594519603 -0.48397074371128256942 -0.52305987616011684338 -0.67941640595545416126 -0.71850553840428854624 -0.7575946708531228202 -0.79668380330195720518
