inst/ext/rfann.asc
ncols        142
nrows        86
xllcorner    -9.490834236111
yllcorner    36.006103515556
cellsize     0.090000000000
NODATA_value   -nan
[rows 0 to 18 of 86, columns 88 to 131 of 142]
-nan -nan -nan -nan -nan -nan -nan -nan -nan -nan -nan -nan -nan -nan -nan -nan -nan -nan -nan -nan -nan -nan -nan -nan -nan -nan -nan -nan -nan -nan -nan -nan -nan -nan -nan -nan -nan -nan -nan -nan -nan -nan -nan -nan
-nan -nan -nan -nan -nan -nan -nan -nan -nan -nan -nan -nan -nan -nan -nan -nan -nan -nan -nan -nan -nan -nan -nan -nan -nan -nan -nan -nan -nan -nan -nan -nan -nan -nan -nan -nan -nan -nan -nan -nan -nan -nan -nan -nan
-nan -nan -nan -nan -nan -nan -nan -nan -nan -nan -nan -nan -nan -nan -nan -nan -nan -nan -nan -nan -nan -nan -nan -nan -nan -nan -nan -nan -nan -nan -nan -nan -nan -nan -nan -nan -nan -nan -nan -nan -nan -nan -nan -nan
-nan -nan -nan -nan -nan -nan -nan -nan -nan -nan -nan -nan -nan -nan -nan -nan -nan -nan -nan -nan -nan -nan -nan -nan -nan -nan -nan -nan -nan -nan -nan -nan -nan -nan -nan -nan -nan -nan -nan -nan -nan -nan -nan -nan
-nan -nan -nan -nan -nan -nan -nan -nan -nan -nan -nan -nan -nan -nan -nan -nan -nan -nan -nan -nan -nan -nan -nan -nan -nan -nan -nan -nan -nan -nan -nan -nan -nan -nan -nan -nan -nan -nan -nan -nan -nan -nan -nan -nan
2.4477141899512924184 -nan -nan -nan -nan -nan -nan -nan -nan -nan -nan -nan -nan -nan -nan -nan -nan -nan -nan -nan -nan -nan -nan -nan -nan -nan -nan -nan -nan -nan -nan -nan -nan -nan -nan -nan -nan -nan -nan -nan -nan -nan -nan -nan
2.4477141899512924184 2.3695359250536238704 -nan -nan -nan -nan -nan -nan -nan -nan -nan -nan -nan -nan -nan -nan -nan -nan -nan -nan -nan -nan -nan -nan -nan -nan -nan -nan -nan -nan -nan -nan -nan -nan -nan -nan -nan -nan -nan -nan -nan -nan -nan -nan
2.2131793952582863305 -nan -nan -nan -nan -nan -nan -nan -nan -nan -nan -nan -nan -nan -nan -nan -nan -nan -nan -nan -nan -nan -nan -nan -nan -nan -nan -nan -nan -nan -nan -nan -nan -nan -nan -nan -nan -nan -nan -nan -nan -nan -nan -nan
2.0568228654629487906 2.0568228654629487906 2.0568228654629487906 1.9395554681164459687 1.9004663356676116948 -nan -nan -nan -nan -nan -nan -nan -nan -nan -nan -nan -nan -nan -nan -nan -nan -nan -nan -nan -nan -nan -nan -nan -nan -nan -nan -nan -nan -nan -nan -nan -nan -nan -nan -nan -nan -nan -nan -nan
1.8222880707699429248 1.8613772032187774208 1.8613772032187774208 1.7050206734234401029 1.6659315409746056069 1.626842408525771333 1.6659315409746056069 1.7050206734234401029 1.9786446005652802427 -nan -nan -nan -nan -nan -nan -nan -nan -nan -nan -nan -nan -nan -nan -nan -nan -nan -nan -nan -nan -nan -nan -nan -nan -nan -nan -nan -nan -nan -nan -nan -nan -nan -nan -nan
1.548664143628102785 1.548664143628102785 1.4313967462815997411 1.4313967462815997411 1.587753276076937059 1.4313967462815997411 1.587753276076937059 1.9004663356676116948 2.4477141899512924184 1.587753276076937059 -nan -nan -nan -nan -nan -nan -nan -nan -nan -nan -nan -nan -nan -nan -nan 1.4313967462815997411 2.5258924548489609663 -nan -nan -nan -nan -nan -nan -nan -nan -nan -nan -nan -nan -nan -nan -nan -nan -nan
1.2750402164862624232 1.2750402164862624232 1.1186836866909251054 1.1186836866909251054 1.0795945542420908314 1.1968619515885936533 1.0014162893444220614 1.2359510840374281493 1.0405054217932563354 1.509575011179268289 2.2522685277071206045 1.3532184813839309712 2.6040707197466295142 2.0568228654629487906 1.626842408525771333 2.7604272495419670541 -nan -nan -nan -nan -nan -nan -nan -nan -nan 1.4313967462815997411 2.2522685277071206045 2.0959119979117835086 2.9558729117861384239 2.2131793952582863305 -nan -nan -nan -nan -nan -nan -nan -nan -nan -nan -nan -nan -nan -nan
1.0795945542420908314 1.0795945542420908314 0.84505975954908474357 1.0795945542420908314 1.2750402164862624232 1.1577728191397593793 0.96232715689558767647 0.61052496485607876675 0.68870322975374742569 0.92323802444675340251 1.1968619515885936533 1.1968619515885936533 1.2359510840374281493 1.7050206734234401029 1.626842408525771333 1.8222880707699429248 1.8613772032187774208 2.4868033224001266923 2.6040707197466295142 1.9395554681164459687 3.1513185740303102378 2.838605514439635602 3.2685859713768135038 2.3695359250536238704 3.9721903554558313232 3.0340511766838074159 2.7995163819908013281 2.4477141899512924184 2.2522685277071206045 1.548664143628102785 2.994962044234973142 2.2522685277071206045 3.1904077064791445117 -nan -nan -nan -nan -nan -nan -nan -nan -nan -nan -nan
0.76688149465141608463 0.68870322975374742569 0.57143583240724438177 0.53234669995841010781 0.68870322975374742569 0.61052496485607876675 0.84505975954908474357 0.57143583240724438177 0.37599017016307273442 0.37599017016307273442 0.45416843506074139336 0.45416843506074139336 0.57143583240724438177 0.84505975954908474357 0.96232715689558767647 1.9004663356676116948 1.0014162893444220614 1.4313967462815997411 1.0795945542420908314 1.1577728191397593793 1.4704858787304340151 1.9395554681164459687 1.3532184813839309712 2.6822489846442985062 2.1740902628094520566 2.0568228654629487906 2.2522685277071206045 2.6040707197466295142 2.6431598521954637881 1.7831989383211086508 2.1350011303606177826 2.0959119979117835086 2.3695359250536238704 -nan -nan -nan -nan -nan -nan -nan -nan -nan -nan -nan
0.53234669995841010781 0.33690103771423840495 0.49325756750957572283 0.61052496485607876675 0.49325756750957572283 0.41507930261190706389 0.76688149465141608463 0.57143583240724438177 0.33690103771423840495 0.41507930261190706389 0.37599017016307273442 0.57143583240724438177 0.41507930261190706389 0.64961409730491304071 0.41507930261190706389 1.626842408525771333 0.21963364036773541654 0.37599017016307273442 0.53234669995841010781 1.0405054217932563354 2.0959119979117835086 1.7441098058722743769 1.8222880707699429248 1.6659315409746056069 1.3532184813839309712 1.626842408525771333 2.4477141899512924184 2.7604272495419670541 2.0959119979117835086 1.548664143628102785 1.1968619515885936533 2.2913576601559548784 1.9004663356676116948 -nan -nan -nan 3.3076751038256477777 2.4086250575024581444 -nan -nan -nan -nan -nan -nan
0.024187978123563765726 0.1414553754700667576 0.10236624302123242813 0.37599017016307273442 0.21963364036773541654 0.29781190526540407548 0.57143583240724438177 0.25872277281656974601 0.29781190526540407548 -0.093079419222939233092 0.21963364036773541654 0.29781190526540407548 0.25872277281656974601 0.21963364036773541654 0.25872277281656974601 0.76688149465141608463 1.0405054217932563354 1.0014162893444220614 0.18054450791890108707 0.25872277281656974601 0.37599017016307273442 0.57143583240724438177 1.0405054217932563354 1.587753276076937059 1.509575011179268289 1.1968619515885936533 1.4704858787304340151 1.7050206734234401029 1.7050206734234401029 1.1577728191397593793 1.626842408525771333 1.8613772032187774208 1.0405054217932563354 0.53234669995841010781 1.2359510840374281493 1.0014162893444220614 1.0795945542420908314 0.92323802444675340251 1.2750402164862624232 -nan -nan 2.1350011303606177826 2.2913576601559548784 1.8613772032187774208
-0.093079419222939233092 -0.13216855167177354868 -0.13216855167177354868 -0.093079419222939233092 -0.053990286774104896683 0.024187978123563765726 0.024187978123563765726 0.063277110572398098665 -0.13216855167177354868 -0.24943594901827656485 -0.17125768412060787815 0.41507930261190706389 0.18054450791890108707 0.84505975954908474357 1.1577728191397593793 1.4313967462815997411 0.1414553754700667576 0.80597062710025035859 0.024187978123563765726 -0.093079419222939233092 0.53234669995841010781 0.53234669995841010781 1.1186836866909251054 0.72779236220258169965 1.0014162893444220614 0.57143583240724438177 1.1577728191397593793 0.84505975954908474357 0.92323802444675340251 1.548664143628102785 1.4704858787304340151 0.88414889199791901753 0.37599017016307273442 1.1968619515885936533 2.2522685277071206045 3.1122294415814759638 2.5258924548489609663 1.4313967462815997411 1.7831989383211086508 1.7441098058722743769 1.9395554681164459687 1.2750402164862624232 1.9395554681164459687 1.0795945542420908314
-0.3667033463647795255 -0.32761421391594519603 -0.32761421391594519603 -0.32761421391594519603 -0.3667033463647795255 -0.32761421391594519603 -0.32761421391594519603 -0.28852508146711086656 -0.40579247881361385497 -0.48397074371128256942 -0.52305987616011684338 -0.52305987616011684338 -0.52305987616011684338 -0.40579247881361385497 -0.40579247881361385497 -0.40579247881361385497 -0.17125768412060787815 -0.21034681656944223538 0.10236624302123242813 0.063277110572398098665 0.21963364036773541654 -0.093079419222939233092 0.1414553754700667576 0.68870322975374742569 0.72779236220258169965 0.57143583240724438177 0.76688149465141608463 0.41507930261190706389 0.49325756750957572283 1.2750402164862624232 1.548664143628102785 0.68870322975374742569 0.92323802444675340251 1.8222880707699429248 2.2913576601559548784 2.4086250575024581444 2.0959119979117835086 1.0405054217932563354 1.2750402164862624232 1.3141293489350966972 1.0795945542420908314 0.76688149465141608463 0.84505975954908474357 1.1186836866909251054
-0.48397074371128256942 -0.44488161126244823995 -0.48397074371128256942 -0.52305987616011684338 -0.56214900860895122836 -0.56214900860895122836 -0.56214900860895122836 -0.56214900860895122836 -0.6403272735066198873 -0.6403272735066198873 -0.60123814105778550232 -0.67941640595545416126 -0.71850553840428854624 -0.71850553840428854624 -0.6403272735066198873 -0.60123814105778550232 -0.52305987616011684338 -0.52305987616011684338 -0.40579247881361385497 -0.40579247881361385497 -0.21034681656944223538 -0.093079419222939233092 0.25872277281656974601 0.21963364036773541654 0.33690103771423840495 0.21963364036773541654 0.76688149465141608463 0.063277110572398098665 0.063277110572398098665 0.57143583240724438177 0.92323802444675340251 0.80597062710025035859 0.68870322975374742569 0.88414889199791901753 1.0014162893444220614 0.96232715689558767647 0.88414889199791901753 0.84505975954908474357 0.61052496485607876675 0.64961409730491304071 0.64961409730491304071 0.57143583240724438177 0.80597062710025035859 1.2359510840374281493
