inst/ext/rfann.asc
ncols        142
nrows        86
xllcorner    -9.490834236111
yllcorner    36.006103515556
cellsize     0.090000000000
NODATA_value  -9999
[rows 19 to 37 of 86, columns 0 to 43 of 142]
-9999 -9999 -9999 -9999 -9999 -9999 -9999 3.3076751232147216797 2.9167838096618652344 2.7604272365570068359 2.7213380336761474609 3.3858532905578613281 2.4477140903472900391 3.5031206607818603516 3.4640316963195800781 3.7376556396484375 2.5649816989898681641 2.2522685527801513672 2.2913577556610107422 2.0568227767944335938 1.7831989526748657227 1.9786446094512939453 1.0405054092407226562 1.9395555257797241211 1.7831989526748657227 1.3141293525695800781 1.2750402688980102539 1.5877532958984375 1.2750402688980102539 1.8222880363464355469 0.64961409568786621094 0.61052495241165161133 0.25872278213500976562 0.14145538210868835449 0.024187978357076644897 -0.17125768959522247314 -0.32761421799659729004 -0.44488161802291870117 -0.56214898824691772461 -0.64032727479934692383 -0.75759464502334594727 -0.79668378829956054688 -0.83577293157577514648 -0.87486207485198974609
-9999 -9999 -9999 -9999 -9999 -9999 -9999 2.4868032932281494141 3.3467643260955810547 3.1513185501098632812 3.3858532905578613281 2.3695359230041503906 3.4640316963195800781 3.7767446041107177734 3.1513185501098632812 2.3304467201232910156 2.6431598663330078125 2.7604272365570068359 2.6431598663330078125 2.3304467201232910156 2.0177338123321533203 1.6268423795700073242 1.001416325569152832 1.3141293525695800781 1.3923076391220092773 0.92323803901672363281 1.1186836957931518555 1.4313967227935791016 0.8841488957405090332 1.1577727794647216797 0.45416843891143798828 0.33690103888511657715 0.14145538210868835449 0.37599018216133117676 -0.05399028584361076355 -0.21034681797027587891 -0.32761421799659729004 -0.44488161802291870117 -0.60123813152313232422 -0.71850556135177612305 -0.75759464502334594727 -0.83577293157577514648 -0.87486207485198974609 -0.9139512181282043457
-9999 -9999 -9999 -9999 -9999 -9999 -9999 2.7213380336761474609 3.6203882694244384766 3.3858532905578613281 3.698566436767578125 2.6822490692138671875 2.7604272365570068359 2.6040706634521484375 3.1122293472290039062 3.4249424934387207031 3.4249424934387207031 3.3858532905578613281 2.8776946067810058594 2.5649816989898681641 2.1350011825561523438 1.7831989526748657227 1.1577727794647216797 1.3923076391220092773 1.2359510660171508789 1.1968619823455810547 1.1186836957931518555 0.80597060918807983398 0.57143580913543701172 0.64961409568786621094 0.21963363885879516602 0.37599018216133117676 0.10236624628305435181 -0.093079417943954467773 -0.13216854631900787354 -0.28852507472038269043 -0.36670333147048950195 -0.44488161802291870117 -0.56214898824691772461 -0.79668378829956054688 -0.83577293157577514648 -0.87486207485198974609 -0.95304036140441894531 -0.99212944507598876953
-9999 -9999 -9999 -9999 -9999 -9999 -9999 3.0731403827667236328 2.4477140903472900391 2.2913577556610107422 2.7995164394378662109 2.9167838096618652344 3.3076751232147216797 2.3304467201232910156 3.3858532905578613281 3.0340511798858642578 2.3695359230041503906 2.9949619770050048828 2.6431598663330078125 2.5649816989898681641 2.0959119796752929688 1.4704859256744384766 1.0405054092407226562 1.6268423795700073242 1.3532184362411499023 0.80597060918807983398 0.5323467254638671875 0.92323803901672363281 1.001416325569152832 0.61052495241165161133 0.063277110457420349121 0.18054451048374176025 0.024187978357076644897 -0.014901154674589633942 -0.093079417943954467773 -0.28852507472038269043 -0.52305990457534790039 -0.48397073149681091309 -0.64032727479934692383 -0.79668378829956054688 -0.87486207485198974609 -0.95304036140441894531 -0.99212944507598876953 -1.0312186479568481445
-9999 -9999 -9999 -9999 -9999 -9999 -9999 2.4086251258850097656 2.5258924961090087891 2.4868032932281494141 2.5649816989898681641 2.3695359230041503906 2.8776946067810058594 2.2131793498992919922 2.4086251258850097656 3.3076751232147216797 2.9167838096618652344 3.1904077529907226562 2.6822490692138671875 2.2913577556610107422 1.7050206661224365234 1.6659315824508666992 1.9004663228988647461 1.4313967227935791016 0.96232718229293823242 0.57143580913543701172 0.76688146591186523438 0.57143580913543701172 1.1186836957931518555 0.68870323896408081055 0.41507929563522338867 -0.014901154674589633942 -0.13216854631900787354 -0.05399028584361076355 -0.17125768959522247314 -0.24943594634532928467 -0.40579247474670410156 -0.56214898824691772461 -0.71850556135177612305 -0.79668378829956054688 -0.95304036140441894531 -1.0312186479568481445 -1.0703077316284179688 -1.0703077316284179688
-9999 -9999 -9999 -9999 -9999 -9999 -9999 -9999 2.7995164394378662109 2.3304467201232910156 2.1740901470184326172 2.1350011825561523438 2.5258924961090087891 2.1350011825561523438 2.1350011825561523438 2.6040706634521484375 2.9558730125427246094 3.0340511798858642578 1.9004663228988647461 1.7441097497940063477 1.7831989526748657227 1.8222880363464355469 1.9786446094512939453 1.1186836957931518555 0.68870323896408081055 0.49325758218765258789 0.72779238224029541016 0.92323803901672363281 0.5323467254638671875 0.41507929563522338867 0.21963363885879516602 0.024187978357076644897 -0.13216854631900787354 -0.093079417943954467773 -0.21034681797027587891 -0.40579247474670410156 -0.60123813152313232422 -0.64032727479934692383 -0.75759464502334594727 -0.87486207485198974609 -0.95304036140441894531 -1.109396815299987793 -1.109396815299987793 -1.0703077316284179688
-9999 -9999 -9999 -9999 -9999 -9999 -9999 -9999 2.2522685527801513672 2.4477140903472900391 2.2913577556610107422 2.4477140903472900391 2.0959119796752929688 2.1740901470184326172 2.3695359230041503906 2.7995164394378662109 1.9004663228988647461 1.6659315824508666992 2.4086251258850097656 2.7213380336761474609 2.6822490692138671875 2.0959119796752929688 1.7831989526748657227 1.3141293525695800781 1.0405054092407226562 0.49325758218765258789 0.64961409568786621094 0.68870323896408081055 0.5323467254638671875 0.18054451048374176025 0.10236624628305435181 -0.014901154674589633942 -0.093079417943954467773 -0.21034681797027587891 -0.24943594634532928467 -0.56214898824691772461 -0.52305990457534790039 -0.67941641807556152344 -0.75759464502334594727 -0.9139512181282043457 -1.0703077316284179688 -1.148486018180847168 -1.148486018180847168 -1.0703077316284179688
-9999 -9999 -9999 -9999 -9999 -9999 -9999 -9999 2.2913577556610107422 2.3304467201232910156 2.2131793498992919922 2.2131793498992919922 2.2131793498992919922 2.1740901470184326172 2.5649816989898681641 2.6822490692138671875 1.8613772392272949219 2.2522685527801513672 3.1904077529907226562 2.5649816989898681641 2.2522685527801513672 2.1350011825561523438 1.3141293525695800781 0.92323803901672363281 0.76688146591186523438 0.57143580913543701172 0.84505975246429443359 0.96232718229293823242 0.29781189560890197754 0.21963363885879516602 0.33690103888511657715 0.21963363885879516602 0.063277110457420349121 -0.13216854631900787354 -0.44488161802291870117 -0.44488161802291870117 -0.52305990457534790039 -0.60123813152313232422 -0.75759464502334594727 -0.87486207485198974609 -1.0312186479568481445 -0.99212944507598876953 -1.109396815299987793 -1.0703077316284179688
-9999 -9999 -9999 -9999 -9999 -9999 -9999 -9999 2.2522685527801513672 2.4868032932281494141 2.2522685527801513672 2.7995164394378662109 2.4868032932281494141 2.2522685527801513672 2.2131793498992919922 1.8613772392272949219 2.4086251258850097656 2.9949619770050048828 2.7213380336761474609 1.9786446094512939453 2.3695359230041503906 1.6268423795700073242 1.7441097497940063477 1.0405054092407226562 1.2359510660171508789 1.1968619823455810547 0.29781189560890197754 0.57143580913543701172 0.14145538210868835449 0.41507929563522338867 0.33690103888511657715 0.21963363885879516602 -0.014901154674589633942 -0.44488161802291870117 -0.36670333147048950195 -0.40579247474670410156 -0.52305990457534790039 -0.56214898824691772461 -0.71850556135177612305 -0.79668378829956054688 -0.9139512181282043457 -0.9139512181282043457 -0.99212944507598876953 -1.0312186479568481445
-9999 -9999 -9999 -9999 -9999 -9999 -9999 -9999 2.1350011825561523438 2.1350011825561523438 2.1740901470184326172 2.2522685527801513672 2.1350011825561523438 2.3695359230041503906 1.9395555257797241211 1.9786446094512939453 2.6822490692138671875 2.9558730125427246094 2.1740901470184326172 1.6268423795700073242 1.6268423795700073242 1.3532184362411499023 0.72779238224029541016 1.5877532958984375 1.7050206661224365234 1.3532184362411499023 0.25872278213500976562 0.61052495241165161133 0.5323467254638671875 0.41507929563522338867 0.37599018216133117676 0.21963363885879516602 0.024187978357076644897 -0.05399028584361076355 -0.21034681797027587891 -0.40579247474670410156 -0.56214898824691772461 -0.60123813152313232422 -0.67941641807556152344 -0.75759464502334594727 -0.79668378829956054688 -0.95304036140441894531 -0.99212944507598876953 -0.95304036140441894531
-9999 -9999 -9999 -9999 -9999 -9999 -9999 -9999 -9999 2.0568227767944335938 2.0177338123321533203 1.9004663228988647461 2.2522685527801513672 2.1740901470184326172 2.3304467201232910156 2.1740901470184326172 1.8613772392272949219 1.3141293525695800781 1.9395555257797241211 2.0568227767944335938 1.3923076391220092773 1.3923076391220092773 1.0405054092407226562 0.8841488957405090332 0.76688146591186523438 0.5323467254638671875 0.21963363885879516602 0.64961409568786621094 0.49325758218765258789 0.49325758218765258789 0.21963363885879516602 0.25872278213500976562 0.14145538210868835449 -0.05399028584361076355 -0.17125768959522247314 -0.28852507472038269043 -0.44488161802291870117 -0.60123813152313232422 -0.71850556135177612305 -0.79668378829956054688 -0.9139512181282043457 -0.99212944507598876953 -0.99212944507598876953 -0.99212944507598876953
-9999 -9999 -9999 -9999 -9999 -9999 -9999 -9999 -9999 1.9395555257797241211 2.0177338123321533203 1.9004663228988647461 2.0959119796752929688 2.0959119796752929688 2.9167838096618652344 3.2685859203338623047 3.3076751232147216797 3.2294969558715820312 2.5258924961090087891 2.5258924961090087891 2.2131793498992919922 1.9786446094512939453 2.3304467201232910156 1.9004663228988647461 1.1968619823455810547 0.72779238224029541016 0.84505975246429443359 0.25872278213500976562 0.25872278213500976562 -0.05399028584361076355 -0.014901154674589633942 0.18054451048374176025 0.063277110457420349121 -0.014901154674589633942 -0.17125768959522247314 -0.28852507472038269043 -0.36670333147048950195 -0.52305990457534790039 -0.64032727479934692383 -0.75759464502334594727 -0.87486207485198974609 -0.99212944507598876953 -0.99212944507598876953 -0.99212944507598876953
-9999 -9999 -9999 -9999 -9999 -9999 -9999 -9999 -9999 1.7831989526748657227 2.0177338123321533203 2.3304467201232910156 2.2913577556610107422 2.3304467201232910156 2.0568227767944335938 1.9395555257797241211 2.9949619770050048828 3.0731403827667236328 2.9949619770050048828 2.9949619770050048828 2.6431598663330078125 1.7831989526748657227 1.8613772392272949219 2.0959119796752929688 1.7441097497940063477 1.0405054092407226562 0.72779238224029541016 0.80597060918807983398 0.72779238224029541016 0.45416843891143798828 0.37599018216133117676 0.21963363885879516602 0.10236624628305435181 -0.05399028584361076355 -0.13216854631900787354 -0.32761421799659729004 -0.32761421799659729004 -0.44488161802291870117 -0.60123813152313232422 -0.71850556135177612305 -0.83577293157577514648 -0.83577293157577514648 -0.9139512181282043457 -0.95304036140441894531
-9999 -9999 -9999 -9999 -9999 -9999 -9999 -9999 -9999 1.6659315824508666992 1.9004663228988647461 2.0568227767944335938 2.4477140903472900391 3.6203882694244384766 3.0340511798858642578 2.2913577556610107422 2.3304467201232910156 2.3695359230041503906 2.3695359230041503906 2.5649816989898681641 2.6040706634521484375 2.2522685527801513672 1.7831989526748657227 2.0177338123321533203 1.5095750093460083008 1.001416325569152832 0.96232718229293823242 0.84505975246429443359 0.76688146591186523438 0.41507929563522338867 0.33690103888511657715 0.33690103888511657715 0.18054451048374176025 0.10236624628305435181 -0.13216854631900787354 -0.24943594634532928467 -0.36670333147048950195 -0.48397073149681091309 -0.60123813152313232422 -0.64032727479934692383 -0.71850556135177612305 -0.75759464502334594727 -0.83577293157577514648 -0.83577293157577514648
-9999 -9999 -9999 -9999 -9999 -9999 -9999 -9999 -9999 1.5877532958984375 1.6268423795700073242 2.0177338123321533203 2.6040706634521484375 1.6659315824508666992 1.8613772392272949219 2.0177338123321533203 1.7441097497940063477 2.1350011825561523438 2.2522685527801513672 2.0568227767944335938 2.1350011825561523438 2.0959119796752929688 1.8613772392272949219 2.0568227767944335938 1.548664093017578125 1.2359510660171508789 1.001416325569152832 0.76688146591186523438 0.8841488957405090332 0.68870323896408081055 0.49325758218765258789 0.37599018216133117676 0.21963363885879516602 0.063277110457420349121 -0.13216854631900787354 -0.21034681797027587891 -0.32761421799659729004 -0.40579247474670410156 -0.44488161802291870117 -0.56214898824691772461 -0.60123813152313232422 -0.64032727479934692383 -0.67941641807556152344 -0.87486207485198974609
-9999 -9999 -9999 -9999 -9999 -9999 -9999 -9999 -9999 1.5095750093460083008 1.5877532958984375 1.4704859256744384766 2.2913577556610107422 2.0568227767944335938 2.6040706634521484375 2.4477140903472900391 2.0568227767944335938 1.9786446094512939453 1.6268423795700073242 1.7050206661224365234 1.6268423795700073242 1.9004663228988647461 1.2359510660171508789 1.1968619823455810547 1.3923076391220092773 1.4313967227935791016 1.1577727794647216797 0.92323803901672363281 0.64961409568786621094 0.80597060918807983398 0.57143580913543701172 0.25872278213500976562 0.37599018216133117676 0.18054451048374176025 -0.05399028584361076355 -0.17125768959522247314 -0.21034681797027587891 -0.28852507472038269043 -0.40579247474670410156 -0.48397073149681091309 -0.56214898824691772461 -0.60123813152313232422 -0.79668378829956054688 -0.79668378829956054688
-9999 -9999 -9999 -9999 -9999 -9999 -9999 -9999 1.4313967227935791016 1.5095750093460083008 1.3532184362411499023 1.4704859256744384766 1.6659315824508666992 2.4477140903472900391 3.1904077529907226562 1.8613772392272949219 1.6268423795700073242 1.3923076391220092773 1.7831989526748657227 1.9004663228988647461 1.548664093017578125 1.3532184362411499023 1.5095750093460083008 1.7831989526748657227 2.0177338123321533203 1.7441097497940063477 1.4704859256744384766 1.2750402688980102539 0.80597060918807983398 0.76688146591186523438 0.5323467254638671875 0.29781189560890197754 0.10236624628305435181 -0.014901154674589633942 0.10236624628305435181 0.063277110457420349121 -0.014901154674589633942 -0.17125768959522247314 -0.17125768959522247314 -0.36670333147048950195 -0.52305990457534790039 -0.60123813152313232422 -0.64032727479934692383 -0.75759464502334594727
-9999 -9999 -9999 -9999 -9999 -9999 -9999 -9999 1.3532184362411499023 1.3532184362411499023 1.3923076391220092773 1.3532184362411499023 1.7831989526748657227 2.2522685527801513672 1.5877532958984375 1.7050206661224365234 1.5877532958984375 1.6659315824508666992 1.548664093017578125 1.7050206661224365234 1.8222880363464355469 3.1513185501098632812 3.1122293472290039062 2.4086251258850097656 1.9395555257797241211 1.6659315824508666992 1.3923076391220092773 1.1186836957931518555 1.1577727794647216797 0.84505975246429443359 0.45416843891143798828 0.37599018216133117676 0.37599018216133117676 0.18054451048374176025 0.024187978357076644897 0.14145538210868835449 0.45416843891143798828 -0.05399028584361076355 -0.71850556135177612305 -0.64032727479934692383 -0.52305990457534790039 -0.67941641807556152344 -0.52305990457534790039 -0.60123813152313232422
-9999 -9999 -9999 -9999 -9999 -9999 -9999 1.2359510660171508789 1.3532184362411499023 1.3532184362411499023 1.3532184362411499023 1.3141293525695800781 1.7831989526748657227 1.5095750093460083008 1.4313967227935791016 1.5095750093460083008 1.3532184362411499023 1.548664093017578125 1.5877532958984375 1.9786446094512939453 3.6203882694244384766 2.1350011825561523438 1.8222880363464355469 1.2359510660171508789 1.4704859256744384766 1.7831989526748657227 1.3923076391220092773 1.1577727794647216797 1.0405054092407226562 0.96232718229293823242 0.76688146591186523438 0.5323467254638671875 0.41507929563522338867 0.33690103888511657715 0.57143580913543701172 -0.05399028584361076355 -0.28852507472038269043 -0.32761421799659729004 -0.56214898824691772461 -0.40579247474670410156 -0.67941641807556152344 -0.40579247474670410156 -0.24943594634532928467 -0.60123813152313232422
