inst/ext/rfann.asc
ncols        142
nrows        86
xllcorner    -9.490834236111
yllcorner    36.006103515556
cellsize     0.090000000000
NODATA_value   -nan
[rows 19 to 37 of 86, columns 44 to 87 of 142]
-0.83577293575079147914 -0.83577293575079147914 -0.87486206819962586412 -0.83577293575079147914 -0.79668380330195720518 -0.79668380330195720518 -0.79668380330195720518 -0.79668380330195720518 -0.79668380330195720518 -0.79668380330195720518 -0.83577293575079147914 -0.71850553840428854624 -0.7575946708531228202 -0.71850553840428854624 -0.60123814105778550232 -0.6403272735066198873 -0.60123814105778550232 -0.56214900860895122836 -0.56214900860895122836 -0.60123814105778550232 -0.56214900860895122836 -0.44488161126244823995 -0.3667033463647795255 -0.3667033463647795255 -0.40579247881361385497 -0.21034681656944223538 -0.014901154325270565479 0.41507930261190706389 1.0014162893444220614 1.0405054217932563354 0.64961409730491304071 0.53234669995841010781 0.49325756750957572283 0.21963364036773541654 0.10236624302123242813 0.1414553754700667576 -0.093079419222939233092 0.063277110572398098665 -0.17125768412060787815 -0.44488161126244823995 -0.52305987616011684338 -0.60123814105778550232 -0.67941640595545416126 -0.67941640595545416126
-0.91395120064846013808 -0.91395120064846013808 -0.91395120064846013808 -0.87486206819962586412 -0.83577293575079147914 -0.87486206819962586412 -0.83577293575079147914 -0.83577293575079147914 -0.79668380330195720518 -0.7575946708531228202 -0.7575946708531228202 -0.83577293575079147914 -0.7575946708531228202 -0.67941640595545416126 -0.71850553840428854624 -0.6403272735066198873 -0.60123814105778550232 -0.60123814105778550232 -0.60123814105778550232 -0.52305987616011684338 -0.48397074371128256942 -0.44488161126244823995 -0.24943594901827656485 -0.24943594901827656485 -0.40579247881361385497 -0.3667033463647795255 -0.13216855167177354868 -0.13216855167177354868 -0.014901154325270565479 0.024187978123563765726 -0.17125768412060787815 -0.053990286774104896683 -0.21034681656944223538 -0.053990286774104896683 -0.093079419222939233092 0.024187978123563765726 0.063277110572398098665 -0.24943594901827656485 -0.48397074371128256942 -0.3667033463647795255 -0.52305987616011684338 -0.56214900860895122836 -0.71850553840428854624 -0.71850553840428854624
-0.99212946554612890804 -0.95304033309729452306 -0.95304033309729452306 -0.95304033309729452306 -0.91395120064846013808 -0.83577293575079147914 -0.79668380330195720518 -0.79668380330195720518 -0.79668380330195720518 -0.83577293575079147914 -0.87486206819962586412 -0.7575946708531228202 -0.83577293575079147914 -0.7575946708531228202 -0.67941640595545416126 -0.6403272735066198873 -0.6403272735066198873 -0.60123814105778550232 -0.60123814105778550232 -0.60123814105778550232 -0.56214900860895122836 -0.52305987616011684338 -0.48397074371128256942 -0.48397074371128256942 -0.3667033463647795255 -0.28852508146711086656 -0.32761421391594519603 -0.3667033463647795255 -0.21034681656944223538 -0.24943594901827656485 -0.32761421391594519603 -0.24943594901827656485 -0.24943594901827656485 -0.32761421391594519603 -0.32761421391594519603 -0.093079419222939233092 0.063277110572398098665 0.063277110572398098665 -0.32761421391594519603 -0.28852508146711086656 -0.32761421391594519603 -0.48397074371128256942 -0.67941640595545416126 -0.67941640595545416126
-0.99212946554612890804 -0.99212946554612890804 -0.99212946554612890804 -0.95304033309729452306 -0.87486206819962586412 -0.87486206819962586412 -0.83577293575079147914 -0.79668380330195720518 -0.83577293575079147914 -0.87486206819962586412 -0.83577293575079147914 -0.79668380330195720518 -0.83577293575079147914 -0.83577293575079147914 -0.7575946708531228202 -0.71850553840428854624 -0.67941640595545416126 -0.71850553840428854624 -0.71850553840428854624 -0.71850553840428854624 -0.6403272735066198873 -0.6403272735066198873 -0.60123814105778550232 -0.60123814105778550232 -0.48397074371128256942 -0.48397074371128256942 -0.44488161126244823995 -0.3667033463647795255 -0.40579247881361385497 -0.3667033463647795255 -0.28852508146711086656 -0.24943594901827656485 -0.24943594901827656485 -0.24943594901827656485 -0.28852508146711086656 -0.28852508146711086656 -0.21034681656944223538 -0.3667033463647795255 -0.24943594901827656485 0.024187978123563765726 -0.014901154325270565479 0.53234669995841010781 -0.48397074371128256942 -0.67941640595545416126
-1.031218597994963293 -1.031218597994963293 -0.95304033309729452306 -0.95304033309729452306 -0.95304033309729452306 -0.95304033309729452306 -0.91395120064846013808 -0.83577293575079147914 -0.87486206819962586412 -0.87486206819962586412 -0.87486206819962586412 -0.79668380330195720518 -0.79668380330195720518 -0.79668380330195720518 -0.71850553840428854624 -0.71850553840428854624 -0.71850553840428854624 -0.79668380330195720518 -0.7575946708531228202 -0.7575946708531228202 -0.71850553840428854624 -0.67941640595545416126 -0.6403272735066198873 -0.60123814105778550232 -0.60123814105778550232 -0.60123814105778550232 -0.52305987616011684338 -0.56214900860895122836 -0.48397074371128256942 -0.52305987616011684338 -0.40579247881361385497 -0.3667033463647795255 -0.40579247881361385497 -0.40579247881361385497 -0.48397074371128256942 -0.44488161126244823995 -0.44488161126244823995 -0.40579247881361385497 -0.3667033463647795255 -0.32761421391594519603 -0.24943594901827656485 -0.32761421391594519603 -0.6403272735066198873 -0.6403272735066198873
-1.070307730443797567 -1.070307730443797567 -1.070307730443797567 -1.031218597994963293 -0.99212946554612890804 -0.91395120064846013808 -0.95304033309729452306 -0.95304033309729452306 -0.91395120064846013808 -0.91395120064846013808 -0.91395120064846013808 -0.87486206819962586412 -0.79668380330195720518 -0.79668380330195720518 -0.83577293575079147914 -0.83577293575079147914 -0.79668380330195720518 -0.67941640595545416126 -0.6403272735066198873 -0.71850553840428854624 -0.71850553840428854624 -0.6403272735066198873 -0.56214900860895122836 -0.6403272735066198873 -0.67941640595545416126 -0.67941640595545416126 -0.6403272735066198873 -0.60123814105778550232 -0.60123814105778550232 -0.52305987616011684338 -0.60123814105778550232 -0.48397074371128256942 -0.44488161126244823995 -0.44488161126244823995 -0.44488161126244823995 -0.48397074371128256942 -0.48397074371128256942 -0.52305987616011684338 -0.44488161126244823995 -0.48397074371128256942 -0.44488161126244823995 -0.67941640595545416126 -0.79668380330195720518 -0.83577293575079147914
-1.1093968628926318409 -1.1484859953414661149 -1.1093968628926318409 -1.070307730443797567 -1.070307730443797567 -1.031218597994963293 -0.99212946554612890804 -0.95304033309729452306 -0.95304033309729452306 -0.95304033309729452306 -0.87486206819962586412 -0.87486206819962586412 -0.79668380330195720518 -0.79668380330195720518 -0.7575946708531228202 -0.7575946708531228202 -0.71850553840428854624 -0.71850553840428854624 -0.6403272735066198873 -0.56214900860895122836 -0.44488161126244823995 -0.56214900860895122836 -0.60123814105778550232 -0.56214900860895122836 -0.56214900860895122836 -0.56214900860895122836 -0.60123814105778550232 -0.67941640595545416126 -0.67941640595545416126 -0.6403272735066198873 -0.6403272735066198873 -0.6403272735066198873 -0.6403272735066198873 -0.60123814105778550232 -0.44488161126244823995 -0.3667033463647795255 -0.60123814105778550232 -0.56214900860895122836 -0.67941640595545416126 -0.60123814105778550232 -0.67941640595545416126 -0.71850553840428854624 -0.67941640595545416126 -0.79668380330195720518
-1.070307730443797567 -1.070307730443797567 -1.1093968628926318409 -1.070307730443797567 -1.070307730443797567 -1.070307730443797567 -0.99212946554612890804 -0.99212946554612890804 -0.99212946554612890804 -0.99212946554612890804 -0.87486206819962586412 -0.91395120064846013808 -0.91395120064846013808 -0.87486206819962586412 -0.79668380330195720518 -0.79668380330195720518 -0.71850553840428854624 -0.79668380330195720518 -0.56214900860895122836 -0.56214900860895122836 -0.56214900860895122836 -0.6403272735066198873 -0.6403272735066198873 -0.60123814105778550232 -0.52305987616011684338 -0.40579247881361385497 -0.40579247881361385497 -0.40579247881361385497 -0.44488161126244823995 -0.56214900860895122836 -0.60123814105778550232 -0.44488161126244823995 -0.52305987616011684338 -0.52305987616011684338 -0.56214900860895122836 -0.60123814105778550232 -0.71850553840428854624 -0.7575946708531228202 -0.60123814105778550232 -0.6403272735066198873 -0.7575946708531228202 -0.95304033309729452306 -0.79668380330195720518 -0.99212946554612890804
-1.070307730443797567 -1.1484859953414661149 -1.070307730443797567 -1.070307730443797567 -1.070307730443797567 -1.070307730443797567 -1.070307730443797567 -1.031218597994963293 -1.031218597994963293 -0.99212946554612890804 -0.95304033309729452306 -0.95304033309729452306 -0.91395120064846013808 -0.87486206819962586412 -0.83577293575079147914 -0.7575946708531228202 -0.7575946708531228202 -0.71850553840428854624 -0.71850553840428854624 -0.67941640595545416126 -0.67941640595545416126 -0.56214900860895122836 -0.48397074371128256942 -0.3667033463647795255 -0.40579247881361385497 -0.21034681656944223538 -0.24943594901827656485 -0.3667033463647795255 -0.3667033463647795255 -0.40579247881361385497 -0.48397074371128256942 -0.52305987616011684338 -0.48397074371128256942 -0.44488161126244823995 -0.44488161126244823995 -0.71850553840428854624 -0.71850553840428854624 -0.87486206819962586412 -0.87486206819962586412 -0.95304033309729452306 -0.95304033309729452306 -0.79668380330195720518 -0.99212946554612890804 -0.95304033309729452306
-1.031218597994963293 -1.070307730443797567 -1.070307730443797567 -1.070307730443797567 -1.070307730443797567 -1.070307730443797567 -1.070307730443797567 -1.031218597994963293 -1.031218597994963293 -0.99212946554612890804 -0.95304033309729452306 -0.95304033309729452306 -0.91395120064846013808 -0.87486206819962586412 -0.83577293575079147914 -0.7575946708531228202 -0.71850553840428854624 -0.67941640595545416126 -0.6403272735066198873 -0.60123814105778550232 -0.60123814105778550232 -0.56214900860895122836 -0.28852508146711086656 0.29781190526540407548 -0.053990286774104896683 -0.28852508146711086656 -0.32761421391594519603 -0.44488161126244823995 -0.60123814105778550232 -0.52305987616011684338 -0.60123814105778550232 -0.67941640595545416126 -0.48397074371128256942 -0.48397074371128256942 -0.48397074371128256942 -0.67941640595545416126 -0.79668380330195720518 -0.7575946708531228202 -0.7575946708531228202 -0.71850553840428854624 -0.79668380330195720518 -0.95304033309729452306 -0.83577293575079147914 -0.83577293575079147914
-1.031218597994963293 -1.070307730443797567 -1.070307730443797567 -1.070307730443797567 -1.070307730443797567 -1.070307730443797567 -1.070307730443797567 -1.031218597994963293 -1.031218597994963293 -1.031218597994963293 -0.95304033309729452306 -0.95304033309729452306 -0.87486206819962586412 -0.83577293575079147914 -0.83577293575079147914 -0.7575946708531228202 -0.67941640595545416126 -0.56214900860895122836 -0.56214900860895122836 -0.48397074371128256942 -0.3667033463647795255 -0.21034681656944223538 -0.28852508146711086656 -0.32761421391594519603 -0.44488161126244823995 -0.40579247881361385497 -0.40579247881361385497 -0.48397074371128256942 -0.48397074371128256942 -0.56214900860895122836 -0.60123814105778550232 -0.52305987616011684338 -0.60123814105778550232 -0.44488161126244823995 -0.48397074371128256942 -0.44488161126244823995 -0.44488161126244823995 -0.44488161126244823995 -0.48397074371128256942 -0.56214900860895122836 -0.67941640595545416126 -0.79668380330195720518 -0.60123814105778550232 -0.52305987616011684338
-0.99212946554612890804 -0.99212946554612890804 -1.031218597994963293 -1.070307730443797567 -1.070307730443797567 -1.031218597994963293 -1.070307730443797567 -1.031218597994963293 -1.031218597994963293 -0.99212946554612890804 -0.95304033309729452306 -0.95304033309729452306 -0.87486206819962586412 -0.83577293575079147914 -0.7575946708531228202 -0.67941640595545416126 -0.60123814105778550232 -0.52305987616011684338 0.024187978123563765726 0.25872277281656974601 -0.48397074371128256942 -0.6403272735066198873 0.063277110572398098665 -0.3667033463647795255 -0.67941640595545416126 -0.56214900860895122836 -0.44488161126244823995 -0.67941640595545416126 -0.71850553840428854624 -0.67941640595545416126 -0.79668380330195720518 -0.60123814105778550232 -0.52305987616011684338 -0.44488161126244823995 -0.52305987616011684338 -0.44488161126244823995 -0.40579247881361385497 -0.3667033463647795255 -0.48397074371128256942 -0.44488161126244823995 -0.48397074371128256942 -0.60123814105778550232 -0.67941640595545416126 -0.71850553840428854624
-0.99212946554612890804 -0.99212946554612890804 -0.99212946554612890804 -0.99212946554612890804 -0.99212946554612890804 -1.031218597994963293 -1.031218597994963293 -1.031218597994963293 -1.031218597994963293 -1.031218597994963293 -0.95304033309729452306 -0.91395120064846013808 -0.87486206819962586412 -0.87486206819962586412 -0.79668380330195720518 -0.6403272735066198873 -0.56214900860895122836 0.063277110572398098665 -0.44488161126244823995 -0.52305987616011684338 -0.40579247881361385497 -0.6403272735066198873 -0.67941640595545416126 -0.67941640595545416126 -0.71850553840428854624 -0.67941640595545416126 -0.7575946708531228202 -0.79668380330195720518 -0.83577293575079147914 -0.83577293575079147914 -0.60123814105778550232 -0.56214900860895122836 -0.52305987616011684338 -0.56214900860895122836 -0.52305987616011684338 -0.52305987616011684338 -0.56214900860895122836 -0.32761421391594519603 -0.40579247881361385497 -0.40579247881361385497 -0.56214900860895122836 -0.60123814105778550232 -0.6403272735066198873 -0.60123814105778550232
-0.91395120064846013808 -0.95304033309729452306 -0.95304033309729452306 -0.95304033309729452306 -0.95304033309729452306 -0.95304033309729452306 -0.99212946554612890804 -1.031218597994963293 -1.031218597994963293 -0.99212946554612890804 -0.99212946554612890804 -0.91395120064846013808 -0.87486206819962586412 -0.87486206819962586412 -0.7575946708531228202 -0.60123814105778550232 -0.48397074371128256942 0.10236624302123242813 -0.13216855167177354868 -0.48397074371128256942 -0.60123814105778550232 -0.6403272735066198873 -0.83577293575079147914 -0.79668380330195720518 -0.67941640595545416126 -0.79668380330195720518 -0.91395120064846013808 -0.79668380330195720518 -0.6403272735066198873 -0.6403272735066198873 -0.60123814105778550232 -0.71850553840428854624 -0.56214900860895122836 -0.56214900860895122836 -0.52305987616011684338 -0.52305987616011684338 -0.56214900860895122836 -0.60123814105778550232 -0.48397074371128256942 -0.60123814105778550232 -0.56214900860895122836 -0.48397074371128256942 -0.48397074371128256942 -0.56214900860895122836
-0.87486206819962586412 -0.87486206819962586412 -0.95304033309729452306 -0.95304033309729452306 -0.83577293575079147914 -0.79668380330195720518 -0.99212946554612890804 -0.95304033309729452306 -0.91395120064846013808 -0.99212946554612890804 -0.95304033309729452306 -0.87486206819962586412 -0.83577293575079147914 -0.7575946708531228202 -0.6403272735066198873 -0.3667033463647795255 -0.24943594901827656485 -0.28852508146711086656 -0.28852508146711086656 -0.6403272735066198873 -0.67941640595545416126 -0.71850553840428854624 -0.83577293575079147914 -0.7575946708531228202 -0.7575946708531228202 -0.83577293575079147914 -0.91395120064846013808 -0.7575946708531228202 -0.6403272735066198873 -0.7575946708531228202 -0.60123814105778550232 -0.71850553840428854624 -0.71850553840428854624 -0.6403272735066198873 -0.71850553840428854624 -0.52305987616011684338 -0.56214900860895122836 -0.3667033463647795255 -0.40579247881361385497 -0.44488161126244823995 -0.52305987616011684338 -0.52305987616011684338 -0.48397074371128256942 -0.48397074371128256942
-0.83577293575079147914 -0.79668380330195720518 -0.71850553840428854624 -0.79668380330195720518 -0.67941640595545416126 -0.56214900860895122836 -0.52305987616011684338 -0.6403272735066198873 -0.87486206819962586412 -0.87486206819962586412 -0.91395120064846013808 -0.79668380330195720518 -0.67941640595545416126 -0.28852508146711086656 -0.24943594901827656485 -0.67941640595545416126 -0.71850553840428854624 -0.60123814105778550232 -0.67941640595545416126 -0.67941640595545416126 -0.7575946708531228202 -0.83577293575079147914 -0.83577293575079147914 -0.7575946708531228202 -0.7575946708531228202 -0.87486206819962586412 -0.87486206819962586412 -0.67941640595545416126 -0.7575946708531228202 -0.6403272735066198873 -0.60123814105778550232 -0.87486206819962586412 -0.79668380330195720518 -0.7575946708531228202 -0.60123814105778550232 -0.48397074371128256942 -0.3667033463647795255 -0.28852508146711086656 -0.52305987616011684338 -0.40579247881361385497 -0.3667033463647795255 -0.28852508146711086656 -0.24943594901827656485 -0.40579247881361385497
-0.67941640595545416126 -0.60123814105778550232 -0.48397074371128256942 -0.44488161126244823995 -0.40579247881361385497 -0.79668380330195720518 -0.83577293575079147914 -0.87486206819962586412 -0.87486206819962586412 -0.83577293575079147914 -0.91395120064846013808 -0.7575946708531228202 -0.7575946708531228202 -0.79668380330195720518 -0.52305987616011684338 -0.83577293575079147914 -0.7575946708531228202 -0.7575946708531228202 -0.83577293575079147914 -0.79668380330195720518 -0.79668380330195720518 -0.83577293575079147914 -0.7575946708531228202 -0.83577293575079147914 -0.83577293575079147914 -0.95304033309729452306 -0.71850553840428854624 -0.83577293575079147914 -0.79668380330195720518 -0.6403272735066198873 -0.60123814105778550232 -0.71850553840428854624 -0.6403272735066198873 -0.52305987616011684338 -0.48397074371128256942 -0.67941640595545416126 -0.60123814105778550232 -0.3667033463647795255 -0.24943594901827656485 -0.093079419222939233092 -0.093079419222939233092 -0.13216855167177354868 0.1414553754700667576 -0.24943594901827656485
-0.6403272735066198873 -0.7575946708531228202 -0.71850553840428854624 -0.60123814105778550232 0.33690103771423840495 -0.32761421391594519603 -0.17125768412060787815 -0.014901154325270565479 -0.32761421391594519603 -0.87486206819962586412 -1.031218597994963293 -0.79668380330195720518 -0.99212946554612890804 -0.99212946554612890804 -0.83577293575079147914 -0.91395120064846013808 -0.87486206819962586412 -0.91395120064846013808 -0.79668380330195720518 -0.83577293575079147914 -0.7575946708531228202 -0.83577293575079147914 -0.79668380330195720518 -0.83577293575079147914 -0.83577293575079147914 -0.71850553840428854624 -0.71850553840428854624 -0.71850553840428854624 -0.67941640595545416126 -0.83577293575079147914 -0.95304033309729452306 -0.7575946708531228202 -0.79668380330195720518 -0.7575946708531228202 -0.7575946708531228202 -0.71850553840428854624 -0.6403272735066198873 -0.32761421391594519603 -0.32761421391594519603 -0.13216855167177354868 0.024187978123563765726 -0.13216855167177354868 0.024187978123563765726 0.21963364036773541654
-0.52305987616011684338 -0.014901154325270565479 0.1414553754700667576 0.18054450791890108707 0.024187978123563765726 -0.60123814105778550232 -0.67941640595545416126 -0.99212946554612890804 -1.031218597994963293 -1.031218597994963293 -1.031218597994963293 -1.031218597994963293 -1.031218597994963293 -0.99212946554612890804 -0.99212946554612890804 -1.031218597994963293 -0.91395120064846013808 -0.87486206819962586412 -0.79668380330195720518 -0.79668380330195720518 -0.83577293575079147914 -0.79668380330195720518 -0.83577293575079147914 -0.83577293575079147914 -0.71850553840428854624 -0.7575946708531228202 -0.7575946708531228202 -0.79668380330195720518 -0.71850553840428854624 -0.83577293575079147914 -0.91395120064846013808 -0.83577293575079147914 -0.71850553840428854624 -0.83577293575079147914 -0.71850553840428854624 -0.7575946708531228202 -0.56214900860895122836 -0.60123814105778550232 -0.3667033463647795255 -0.28852508146711086656 -0.014901154325270565479 -0.014901154325270565479 -0.17125768412060787815 -0.13216855167177354868
