inst/ext/rfann.asc
ncols        142
nrows        86
xllcorner    -9.490834236111
yllcorner    36.006103515556
cellsize     0.090000000000
NODATA_value  -9999
[rows 38 to 56 of 86, columns 44 to 87 of 142]
-0.32761421799659729004 -0.24943594634532928467 -0.05399028584361076355 -0.093079417943954467773 0.21963363885879516602 -0.40579247474670410156 -0.17125768959522247314 -0.67941641807556152344 -1.0312186479568481445 -1.109396815299987793 -0.95304036140441894531 -0.95304036140441894531 -0.95304036140441894531 -1.0312186479568481445 -1.109396815299987793 -0.99212944507598876953 -0.9139512181282043457 -0.9139512181282043457 -0.83577293157577514648 -0.79668378829956054688 -0.83577293157577514648 -0.87486207485198974609 -0.87486207485198974609 -0.79668378829956054688 -0.75759464502334594727 -0.75759464502334594727 -0.75759464502334594727 -0.79668378829956054688 -0.87486207485198974609 -0.87486207485198974609 -0.79668378829956054688 -0.83577293157577514648 -0.75759464502334594727 -0.52305990457534790039 -0.71850556135177612305 -0.56214898824691772461 -0.60123813152313232422 -0.48397073149681091309 -0.21034681797027587891 -0.17125768959522247314 -0.13216854631900787354 -0.17125768959522247314 -0.014901154674589633942 0.024187978357076644897
1.0795946121215820312 -0.67941641807556152344 -0.093079417943954467773 -0.21034681797027587891 -1.0312186479568481445 -1.0703077316284179688 -1.0703077316284179688 -1.1875751018524169922 -1.148486018180847168 -1.0703077316284179688 -0.87486207485198974609 -1.0703077316284179688 -1.109396815299987793 -1.109396815299987793 -1.0312186479568481445 -0.95304036140441894531 -0.95304036140441894531 -0.9139512181282043457 -0.83577293157577514648 -0.83577293157577514648 -0.83577293157577514648 -0.9139512181282043457 -0.79668378829956054688 -0.9139512181282043457 -0.79668378829956054688 -0.75759464502334594727 -0.79668378829956054688 -0.83577293157577514648 -0.83577293157577514648 -0.67941641807556152344 -0.75759464502334594727 -0.67941641807556152344 -0.52305990457534790039 -0.71850556135177612305 -0.71850556135177612305 -0.60123813152313232422 -0.40579247474670410156 -0.52305990457534790039 -0.32761421799659729004 -0.24943594634532928467 -0.28852507472038269043 -0.21034681797027587891 -0.05399028584361076355 -0.17125768959522247314
-0.95304036140441894531 -1.109396815299987793 -1.148486018180847168 -1.148486018180847168 -1.148486018180847168 -1.109396815299987793 -1.0703077316284179688 -1.0703077316284179688 -0.87486207485198974609 -1.0703077316284179688 -1.148486018180847168 -1.148486018180847168 -1.109396815299987793 -1.0703077316284179688 -0.99212944507598876953 -0.99212944507598876953 -0.99212944507598876953 -0.9139512181282043457 -0.9139512181282043457 -0.87486207485198974609 -0.83577293157577514648 -0.95304036140441894531 -0.83577293157577514648 -0.75759464502334594727 -0.75759464502334594727 -0.87486207485198974609 -0.95304036140441894531 -0.9139512181282043457 -0.83577293157577514648 -0.67941641807556152344 -0.64032727479934692383 -0.64032727479934692383 -0.48397073149681091309 -0.64032727479934692383 -0.44488161802291870117 -0.40579247474670410156 -0.52305990457534790039 -0.52305990457534790039 -0.32761421799659729004 -0.24943594634532928467 -0.17125768959522247314 -0.44488161802291870117 -0.36670333147048950195 -0.28852507472038269043
-1.0703077316284179688 -1.109396815299987793 -1.109396815299987793 -1.109396815299987793 -1.148486018180847168 -1.148486018180847168 -1.109396815299987793 -1.0703077316284179688 -1.148486018180847168 -1.148486018180847168 -1.109396815299987793 -1.109396815299987793 -1.0703077316284179688 -1.0703077316284179688 -1.0312186479568481445 -0.99212944507598876953 -1.0312186479568481445 -0.95304036140441894531 -0.99212944507598876953 -0.87486207485198974609 -0.99212944507598876953 -0.95304036140441894531 -0.95304036140441894531 -0.95304036140441894531 -0.95304036140441894531 -0.9139512181282043457 -0.83577293157577514648 -0.83577293157577514648 -0.79668378829956054688 -0.71850556135177612305 -0.67941641807556152344 -0.67941641807556152344 -0.64032727479934692383 -0.52305990457534790039 -0.52305990457534790039 -0.52305990457534790039 -0.56214898824691772461 -0.48397073149681091309 -0.48397073149681091309 -0.28852507472038269043 -0.52305990457534790039 -0.44488161802291870117 -0.36670333147048950195 -0.52305990457534790039
-1.0703077316284179688 -1.0703077316284179688 -1.0703077316284179688 -1.109396815299987793 -1.109396815299987793 -1.109396815299987793 -1.109396815299987793 -1.148486018180847168 -1.109396815299987793 -1.148486018180847168 -1.109396815299987793 -1.0312186479568481445 -1.0312186479568481445 -1.0312186479568481445 -1.0703077316284179688 -1.0703077316284179688 -0.99212944507598876953 -1.0312186479568481445 -1.0312186479568481445 -0.99212944507598876953 -0.9139512181282043457 -0.87486207485198974609 -0.79668378829956054688 -0.79668378829956054688 -0.79668378829956054688 -0.75759464502334594727 -0.75759464502334594727 -0.75759464502334594727 -0.75759464502334594727 -0.67941641807556152344 -0.67941641807556152344 -0.71850556135177612305 -0.64032727479934692383 -0.64032727479934692383 -0.52305990457534790039 -0.56214898824691772461 -0.56214898824691772461 -0.44488161802291870117 -0.44488161802291870117 -0.44488161802291870117 -0.60123813152313232422 -0.52305990457534790039 -0.67941641807556152344 -0.40579247474670410156
-1.0312186479568481445 -1.0703077316284179688 -1.0312186479568481445 -1.0312186479568481445 -1.0703077316284179688 -1.0703077316284179688 -1.109396815299987793 -1.0703077316284179688 -1.0312186479568481445 -1.0703077316284179688 -1.0703077316284179688 -1.109396815299987793 -1.0703077316284179688 -1.0703077316284179688 -1.0703077316284179688 -1.0312186479568481445 -1.0703077316284179688 -1.0312186479568481445 -0.99212944507598876953 -0.9139512181282043457 -0.95304036140441894531 -0.9139512181282043457 -0.83577293157577514648 -0.79668378829956054688 -0.83577293157577514648 -0.79668378829956054688 -0.79668378829956054688 -0.79668378829956054688 -0.75759464502334594727 -0.71850556135177612305 -0.67941641807556152344 -0.71850556135177612305 -0.71850556135177612305 -0.67941641807556152344 -0.64032727479934692383 -0.60123813152313232422 -0.48397073149681091309 -0.44488161802291870117 -0.44488161802291870117 -0.48397073149681091309 -0.52305990457534790039 -0.48397073149681091309 -0.64032727479934692383 -0.44488161802291870117
-0.95304036140441894531 -0.9139512181282043457 -0.99212944507598876953 -0.99212944507598876953 -1.0312186479568481445 -0.99212944507598876953 -0.99212944507598876953 -0.99212944507598876953 -0.95304036140441894531 -0.99212944507598876953 -1.0312186479568481445 -0.9139512181282043457 -1.0312186479568481445 -0.95304036140441894531 -0.9139512181282043457 -0.9139512181282043457 -0.87486207485198974609 -0.87486207485198974609 -0.87486207485198974609 -0.9139512181282043457 -0.87486207485198974609 -0.9139512181282043457 -0.87486207485198974609 -0.83577293157577514648 -0.83577293157577514648 -0.83577293157577514648 -0.83577293157577514648 -0.79668378829956054688 -0.79668378829956054688 -0.71850556135177612305 -0.67941641807556152344 -0.71850556135177612305 -0.71850556135177612305 -0.71850556135177612305 -0.67941641807556152344 -0.67941641807556152344 -0.67941641807556152344 -0.56214898824691772461 -0.52305990457534790039 -0.48397073149681091309 -0.60123813152313232422 -0.56214898824691772461 -0.67941641807556152344 -0.60123813152313232422
-0.83577293157577514648 -0.83577293157577514648 -0.79668378829956054688 -0.87486207485198974609 -0.9139512181282043457 -0.83577293157577514648 -0.75759464502334594727 -0.87486207485198974609 -0.87486207485198974609 -0.87486207485198974609 -0.83577293157577514648 -0.87486207485198974609 -0.9139512181282043457 -0.9139512181282043457 -0.83577293157577514648 -0.87486207485198974609 -0.83577293157577514648 -0.87486207485198974609 -0.83577293157577514648 -0.83577293157577514648 -0.83577293157577514648 -0.87486207485198974609 -0.87486207485198974609 -0.83577293157577514648 -0.87486207485198974609 -0.83577293157577514648 -0.83577293157577514648 -0.83577293157577514648 -0.83577293157577514648 -0.79668378829956054688 -0.79668378829956054688 -0.67941641807556152344 -0.75759464502334594727 -0.71850556135177612305 -0.60123813152313232422 -0.75759464502334594727 -0.75759464502334594727 -0.67941641807556152344 -0.56214898824691772461 -0.60123813152313232422 -0.60123813152313232422 -0.60123813152313232422 -0.64032727479934692383 -0.87486207485198974609
-0.44488161802291870117 -0.32761421799659729004 -0.71850556135177612305 -0.40579247474670410156 -0.79668378829956054688 -0.87486207485198974609 -0.40579247474670410156 -0.60123813152313232422 -0.48397073149681091309 -0.83577293157577514648 -0.75759464502334594727 -0.56214898824691772461 -0.79668378829956054688 -0.83577293157577514648 -0.75759464502334594727 -0.52305990457534790039 -0.71850556135177612305 -0.71850556135177612305 -0.79668378829956054688 -0.83577293157577514648 -0.87486207485198974609 -0.87486207485198974609 -0.87486207485198974609 -0.87486207485198974609 -0.87486207485198974609 -0.87486207485198974609 -0.87486207485198974609 -0.87486207485198974609 -0.79668378829956054688 -0.79668378829956054688 -0.79668378829956054688 -0.75759464502334594727 -0.75759464502334594727 -0.71850556135177612305 -0.75759464502334594727 -0.79668378829956054688 -0.71850556135177612305 -0.79668378829956054688 -0.75759464502334594727 -0.71850556135177612305 -0.75759464502334594727 -0.67941641807556152344 -0.71850556135177612305 -0.75759464502334594727
-0.52305990457534790039 -0.32761421799659729004 -0.48397073149681091309 -0.71850556135177612305 -0.79668378829956054688 -0.75759464502334594727 -0.87486207485198974609 -0.83577293157577514648 -0.83577293157577514648 -0.75759464502334594727 -0.75759464502334594727 -0.75759464502334594727 -0.75759464502334594727 -0.71850556135177612305 -0.79668378829956054688 -0.75759464502334594727 -0.71850556135177612305 -0.79668378829956054688 -0.83577293157577514648 -0.83577293157577514648 -0.83577293157577514648 -0.87486207485198974609 -0.87486207485198974609 -0.87486207485198974609 -0.9139512181282043457 -0.9139512181282043457 -0.87486207485198974609 -0.87486207485198974609 -0.87486207485198974609 -0.87486207485198974609 -0.87486207485198974609 -0.79668378829956054688 -0.79668378829956054688 -0.79668378829956054688 -0.79668378829956054688 -0.83577293157577514648 -0.71850556135177612305 -0.75759464502334594727 -0.79668378829956054688 -0.79668378829956054688 -0.79668378829956054688 -0.83577293157577514648 -0.83577293157577514648 -0.87486207485198974609
-0.60123813152313232422 -0.56214898824691772461 -0.67941641807556152344 -0.83577293157577514648 -0.75759464502334594727 -0.83577293157577514648 -0.87486207485198974609 -0.83577293157577514648 -0.87486207485198974609 -0.79668378829956054688 -0.79668378829956054688 -0.64032727479934692383 -0.67941641807556152344 -0.83577293157577514648 -0.87486207485198974609 -0.79668378829956054688 -0.67941641807556152344 -0.60123813152313232422 -0.75759464502334594727 -0.79668378829956054688 -0.83577293157577514648 -0.83577293157577514648 -0.87486207485198974609 -0.9139512181282043457 -0.9139512181282043457 -0.9139512181282043457 -0.83577293157577514648 -0.9139512181282043457 -0.9139512181282043457 -0.9139512181282043457 -0.87486207485198974609 -0.87486207485198974609 -0.87486207485198974609 -0.87486207485198974609 -0.87486207485198974609 -0.83577293157577514648 -0.83577293157577514648 -0.87486207485198974609 -0.83577293157577514648 -0.83577293157577514648 -0.83577293157577514648 -0.87486207485198974609 -0.87486207485198974609 -0.9139512181282043457
-0.71850556135177612305 -0.71850556135177612305 -0.71850556135177612305 -0.83577293157577514648 -0.83577293157577514648 -0.87486207485198974609 -0.83577293157577514648 -0.87486207485198974609 -0.87486207485198974609 -0.75759464502334594727 -0.60123813152313232422 -0.60123813152313232422 -0.83577293157577514648 -0.83577293157577514648 -0.71850556135177612305 -0.64032727479934692383 -0.79668378829956054688 -0.75759464502334594727 -0.79668378829956054688 -0.75759464502334594727 -0.71850556135177612305 -0.75759464502334594727 -0.87486207485198974609 -0.83577293157577514648 -0.9139512181282043457 -0.9139512181282043457 -0.9139512181282043457 -0.9139512181282043457 -0.9139512181282043457 -0.9139512181282043457 -0.9139512181282043457 -0.9139512181282043457 -0.87486207485198974609 -0.9139512181282043457 -0.87486207485198974609 -0.87486207485198974609 -0.87486207485198974609 -0.87486207485198974609 -0.87486207485198974609 -0.9139512181282043457 -0.9139512181282043457 -0.9139512181282043457 -0.9139512181282043457 -0.9139512181282043457
-0.75759464502334594727 -0.75759464502334594727 -0.79668378829956054688 -0.67941641807556152344 -0.79668378829956054688 -0.79668378829956054688 -0.79668378829956054688 -0.71850556135177612305 -0.83577293157577514648 -0.75759464502334594727 -0.71850556135177612305 -0.67941641807556152344 -0.79668378829956054688 -0.83577293157577514648 -0.83577293157577514648 -0.67941641807556152344 -0.64032727479934692383 -0.87486207485198974609 -0.87486207485198974609 -0.83577293157577514648 -0.52305990457534790039 -0.9139512181282043457 -0.9139512181282043457 -0.9139512181282043457 -0.9139512181282043457 -0.9139512181282043457 -0.9139512181282043457 -0.9139512181282043457 -0.9139512181282043457 -0.9139512181282043457 -0.9139512181282043457 -0.87486207485198974609 -0.87486207485198974609 -0.87486207485198974609 -0.9139512181282043457 -0.9139512181282043457 -0.9139512181282043457 -0.95304036140441894531 -0.99212944507598876953 -0.95304036140441894531 -0.95304036140441894531 -0.99212944507598876953 -0.95304036140441894531 -0.95304036140441894531
-0.75759464502334594727 -0.75759464502334594727 -0.71850556135177612305 -0.75759464502334594727 -0.71850556135177612305 -0.67941641807556152344 -0.67941641807556152344 -0.67941641807556152344 -0.56214898824691772461 -0.79668378829956054688 -0.67941641807556152344 -0.64032727479934692383 -0.71850556135177612305 -0.79668378829956054688 -0.83577293157577514648 -0.79668378829956054688 -0.79668378829956054688 -0.9139512181282043457 -0.9139512181282043457 -0.9139512181282043457 -0.9139512181282043457 -0.9139512181282043457 -0.9139512181282043457 -0.9139512181282043457 -0.9139512181282043457 -0.9139512181282043457 -0.9139512181282043457 -0.9139512181282043457 -0.9139512181282043457 -0.87486207485198974609 -0.83577293157577514648 -0.83577293157577514648 -0.83577293157577514648 -0.83577293157577514648 -0.83577293157577514648 -0.9139512181282043457 -0.95304036140441894531 -0.95304036140441894531 -0.99212944507598876953 -0.99212944507598876953 -0.99212944507598876953 -0.99212944507598876953 -0.99212944507598876953 -1.0312186479568481445
-0.52305990457534790039 -0.71850556135177612305 -0.67941641807556152344 -0.64032727479934692383 -0.67941641807556152344 -0.64032727479934692383 -0.60123813152313232422 -0.52305990457534790039 -0.52305990457534790039 -0.60123813152313232422 -0.71850556135177612305 -0.67941641807556152344 -0.64032727479934692383 -0.71850556135177612305 -0.75759464502334594727 -0.79668378829956054688 -0.87486207485198974609 -0.87486207485198974609 -0.9139512181282043457 -0.87486207485198974609 -0.9139512181282043457 -0.87486207485198974609 -0.87486207485198974609 -0.87486207485198974609 -0.87486207485198974609 -0.87486207485198974609 -0.87486207485198974609 -0.83577293157577514648 -0.79668378829956054688 -0.75759464502334594727 -0.75759464502334594727 -0.75759464502334594727 -0.75759464502334594727 -0.79668378829956054688 -0.75759464502334594727 -0.83577293157577514648 -0.9139512181282043457 -0.99212944507598876953 -0.99212944507598876953 -1.0312186479568481445 -1.0312186479568481445 -1.0312186479568481445 -0.99212944507598876953 -0.87486207485198974609
-0.60123813152313232422 -0.60123813152313232422 -0.60123813152313232422 -0.67941641807556152344 -0.60123813152313232422 -0.56214898824691772461 -0.60123813152313232422 -0.52305990457534790039 -0.60123813152313232422 -0.64032727479934692383 -0.64032727479934692383 -0.64032727479934692383 -0.64032727479934692383 -0.67941641807556152344 -0.75759464502334594727 -0.79668378829956054688 -0.83577293157577514648 -0.83577293157577514648 -0.87486207485198974609 -0.87486207485198974609 -0.87486207485198974609 -0.87486207485198974609 -0.87486207485198974609 -0.87486207485198974609 -0.87486207485198974609 -0.79668378829956054688 -0.79668378829956054688 -0.71850556135177612305 -0.71850556135177612305 -0.75759464502334594727 -0.71850556135177612305 -0.71850556135177612305 -0.64032727479934692383 -0.60123813152313232422 -0.64032727479934692383 -0.75759464502334594727 -0.9139512181282043457 -0.99212944507598876953 -1.0312186479568481445 -1.0312186479568481445 -1.0312186479568481445 -0.99212944507598876953 -0.87486207485198974609 -0.75759464502334594727
-0.52305990457534790039 -0.56214898824691772461 -0.56214898824691772461 -0.56214898824691772461 -0.64032727479934692383 -0.56214898824691772461 -0.64032727479934692383 -0.48397073149681091309 -0.56214898824691772461 -0.52305990457534790039 -0.48397073149681091309 -0.60123813152313232422 -0.67941641807556152344 -0.64032727479934692383 -0.67941641807556152344 -0.75759464502334594727 -0.75759464502334594727 -0.79668378829956054688 -0.83577293157577514648 -0.83577293157577514648 -0.79668378829956054688 -0.79668378829956054688 -0.75759464502334594727 -0.83577293157577514648 -0.83577293157577514648 -0.83577293157577514648 -0.60123813152313232422 -0.75759464502334594727 -0.71850556135177612305 -0.71850556135177612305 -0.75759464502334594727 -0.71850556135177612305 -0.67941641807556152344 -0.64032727479934692383 -0.67941641807556152344 -0.71850556135177612305 -0.83577293157577514648 -0.95304036140441894531 -0.99212944507598876953 -1.0312186479568481445 -0.99212944507598876953 -0.99212944507598876953 -0.9139512181282043457 -0.87486207485198974609
-0.48397073149681091309 -0.48397073149681091309 -0.44488161802291870117 -0.44488161802291870117 -0.48397073149681091309 -0.44488161802291870117 -0.56214898824691772461 -0.48397073149681091309 -0.56214898824691772461 -0.56214898824691772461 -0.52305990457534790039 -0.44488161802291870117 -0.52305990457534790039 -0.60123813152313232422 -0.64032727479934692383 -0.67941641807556152344 -0.67941641807556152344 -0.64032727479934692383 -0.64032727479934692383 -0.75759464502334594727 -0.79668378829956054688 -0.79668378829956054688 -0.79668378829956054688 -0.79668378829956054688 -0.75759464502334594727 -0.75759464502334594727 -0.75759464502334594727 -0.75759464502334594727 -0.71850556135177612305 -0.67941641807556152344 -0.67941641807556152344 -0.67941641807556152344 -0.67941641807556152344 -0.67941641807556152344 -0.71850556135177612305 -0.75759464502334594727 -0.79668378829956054688 -0.79668378829956054688 -0.79668378829956054688 -0.9139512181282043457 -0.9139512181282043457 -0.9139512181282043457 -0.87486207485198974609 -0.83577293157577514648
-0.28852507472038269043 -0.21034681797027587891 -0.32761421799659729004 -0.44488161802291870117 -0.48397073149681091309 -0.48397073149681091309 -0.52305990457534790039 -0.52305990457534790039 -0.48397073149681091309 -0.48397073149681091309 -0.48397073149681091309 -0.48397073149681091309 -0.44488161802291870117 -0.48397073149681091309 -0.44488161802291870117 -0.52305990457534790039 -0.48397073149681091309 -0.44488161802291870117 -0.56214898824691772461 -0.71850556135177612305 -0.71850556135177612305 -0.71850556135177612305 -0.75759464502334594727 -0.75759464502334594727 -0.75759464502334594727 -0.75759464502334594727 -0.71850556135177612305 -0.75759464502334594727 -0.75759464502334594727 -0.67941641807556152344 -0.64032727479934692383 -0.71850556135177612305 -0.83577293157577514648 -0.79668378829956054688 -0.60123813152313232422 -0.48397073149681091309 -0.52305990457534790039 -0.52305990457534790039 -0.67941641807556152344 -0.79668378829956054688 -0.9139512181282043457 -0.83577293157577514648 -0.9139512181282043457 -0.9139512181282043457
