inst/ext/rfann.asc
ncols        142
nrows        86
xllcorner    -9.490834236111
yllcorner    36.006103515556
cellsize     0.090000000000
NODATA_value  -9999
[rows 57 to 75 of 86, columns 44 to 87 of 142]
-0.24943594634532928467 -0.32761421799659729004 -0.36670333147048950195 -0.36670333147048950195 -0.40579247474670410156 -0.40579247474670410156 -0.36670333147048950195 -0.44488161802291870117 -0.40579247474670410156 -0.17125768959522247314 -0.32761421799659729004 -0.36670333147048950195 -0.40579247474670410156 -0.44488161802291870117 -0.44488161802291870117 -0.52305990457534790039 -0.40579247474670410156 -0.60123813152313232422 -0.67941641807556152344 -0.52305990457534790039 -0.71850556135177612305 -0.67941641807556152344 -0.67941641807556152344 -0.67941641807556152344 -0.71850556135177612305 -0.67941641807556152344 -0.67941641807556152344 -0.75759464502334594727 -0.75759464502334594727 -0.67941641807556152344 -0.83577293157577514648 -0.83577293157577514648 -0.79668378829956054688 -0.48397073149681091309 -0.32761421799659729004 -0.48397073149681091309 -0.71850556135177612305 -0.67941641807556152344 -0.75759464502334594727 -0.9139512181282043457 -0.99212944507598876953 -1.0312186479568481445 -1.0312186479568481445 -0.99212944507598876953
-0.21034681797027587891 -0.28852507472038269043 -0.28852507472038269043 -0.24943594634532928467 -0.24943594634532928467 -0.28852507472038269043 -0.28852507472038269043 -0.32761421799659729004 -0.36670333147048950195 -0.40579247474670410156 -0.32761421799659729004 -0.28852507472038269043 -0.32761421799659729004 -0.24943594634532928467 -0.28852507472038269043 -0.52305990457534790039 -0.56214898824691772461 -0.64032727479934692383 -0.32761421799659729004 -0.52305990457534790039 -0.56214898824691772461 -0.60123813152313232422 -0.60123813152313232422 -0.64032727479934692383 -0.64032727479934692383 -0.67941641807556152344 -0.67941641807556152344 -0.75759464502334594727 -0.64032727479934692383 -0.79668378829956054688 -0.9139512181282043457 -0.87486207485198974609 -0.67941641807556152344 -0.44488161802291870117 -0.60123813152313232422 -0.64032727479934692383 -0.79668378829956054688 -0.67941641807556152344 -0.9139512181282043457 -0.99212944507598876953 -1.109396815299987793 -1.0703077316284179688 -1.109396815299987793 -1.148486018180847168
-0.13216854631900787354 -0.17125768959522247314 -0.093079417943954467773 -0.17125768959522247314 -0.17125768959522247314 -0.21034681797027587891 -0.21034681797027587891 -0.21034681797027587891 -0.21034681797027587891 -0.28852507472038269043 -0.28852507472038269043 -0.32761421799659729004 -0.28852507472038269043 -0.36670333147048950195 -0.24943594634532928467 -0.17125768959522247314 -0.56214898824691772461 -0.64032727479934692383 -0.32761421799659729004 -0.36670333147048950195 -0.28852507472038269043 -0.44488161802291870117 -0.67941641807556152344 -0.64032727479934692383 -0.64032727479934692383 -0.87486207485198974609 -0.64032727479934692383 -0.79668378829956054688 -0.83577293157577514648 -0.9139512181282043457 -0.87486207485198974609 -0.67941641807556152344 -0.95304036140441894531 -0.71850556135177612305 -0.21034681797027587891 -0.95304036140441894531 -0.99212944507598876953 -1.0312186479568481445 -1.0703077316284179688 -0.99212944507598876953 -1.1875751018524169922 -1.0703077316284179688 -1.2266643047332763672 -1.109396815299987793
-0.05399028584361076355 -0.13216854631900787354 -0.093079417943954467773 -0.093079417943954467773 -0.05399028584361076355 -0.093079417943954467773 -0.13216854631900787354 -0.093079417943954467773 -0.13216854631900787354 -0.13216854631900787354 -0.17125768959522247314 -0.24943594634532928467 -0.24943594634532928467 -0.32761421799659729004 -0.40579247474670410156 -0.40579247474670410156 -0.44488161802291870117 -0.44488161802291870117 -0.48397073149681091309 -0.56214898824691772461 -0.52305990457534790039 -0.60123813152313232422 -0.67941641807556152344 -0.71850556135177612305 -0.87486207485198974609 -0.75759464502334594727 -0.83577293157577514648 -0.83577293157577514648 -0.95304036140441894531 -0.87486207485198974609 -0.71850556135177612305 -0.9139512181282043457 -0.093079417943954467773 -0.52305990457534790039 -0.71850556135177612305 -1.0703077316284179688 -1.0312186479568481445 -0.83577293157577514648 -0.79668378829956054688 -1.0312186479568481445 -1.109396815299987793 -1.1875751018524169922 -1.2657533884048461914 -1.109396815299987793
0.024187978357076644897 -0.093079417943954467773 0.063277110457420349121 -0.093079417943954467773 -0.093079417943954467773 0.024187978357076644897 0.024187978357076644897 -0.13216854631900787354 -0.05399028584361076355 -0.093079417943954467773 -0.17125768959522247314 -0.13216854631900787354 -0.21034681797027587891 -0.21034681797027587891 -0.40579247474670410156 -0.32761421799659729004 -0.52305990457534790039 -0.67941641807556152344 -0.48397073149681091309 -0.64032727479934692383 -0.67941641807556152344 -0.71850556135177612305 -0.79668378829956054688 -0.9139512181282043457 -0.79668378829956054688 -0.71850556135177612305 -0.79668378829956054688 -0.83577293157577514648 -0.83577293157577514648 -0.75759464502334594727 -0.52305990457534790039 -0.36670333147048950195 -0.32761421799659729004 -0.44488161802291870117 -0.28852507472038269043 -0.67941641807556152344 -0.60123813152313232422 -0.56214898824691772461 -0.36670333147048950195 -0.71850556135177612305 -1.0703077316284179688 -1.2266643047332763672 -1.3048424720764160156 -1.3048424720764160156
-0.093079417943954467773 0.024187978357076644897 -0.014901154674589633942 0.024187978357076644897 0.063277110457420349121 -0.093079417943954467773 -0.05399028584361076355 -0.093079417943954467773 -0.21034681797027587891 -0.093079417943954467773 -0.17125768959522247314 -0.36670333147048950195 -0.32761421799659729004 -0.32761421799659729004 -0.40579247474670410156 -0.48397073149681091309 -0.60123813152313232422 -0.40579247474670410156 -0.64032727479934692383 -0.67941641807556152344 -0.67941641807556152344 -0.75759464502334594727 -0.87486207485198974609 -0.87486207485198974609 -0.83577293157577514648 -0.95304036140441894531 -0.9139512181282043457 -0.67941641807556152344 -0.79668378829956054688 -0.24943594634532928467 -0.87486207485198974609 -0.21034681797027587891 -0.093079417943954467773 -0.32761421799659729004 -0.28852507472038269043 -0.60123813152313232422 -0.64032727479934692383 -0.13216854631900787354 -0.64032727479934692383 -0.64032727479934692383 -0.95304036140441894531 -1.1875751018524169922 -1.1875751018524169922 -1.2266643047332763672
-0.17125768959522247314 -0.13216854631900787354 0.063277110457420349121 -0.014901154674589633942 0.14145538210868835449 0.10236624628305435181 -0.014901154674589633942 -0.014901154674589633942 -0.014901154674589633942 -0.21034681797027587891 -0.21034681797027587891 -0.32761421799659729004 -0.40579247474670410156 -0.40579247474670410156 -0.48397073149681091309 -0.60123813152313232422 -0.60123813152313232422 -0.60123813152313232422 -0.71850556135177612305 -0.71850556135177612305 -0.71850556135177612305 -0.83577293157577514648 -0.75759464502334594727 -0.64032727479934692383 -0.56214898824691772461 -0.75759464502334594727 -0.9139512181282043457 -0.99212944507598876953 -0.32761421799659729004 -0.56214898824691772461 -0.17125768959522247314 0.063277110457420349121 -0.17125768959522247314 -0.093079417943954467773 0.024187978357076644897 0.024187978357076644897 -0.05399028584361076355 -0.56214898824691772461 -0.83577293157577514648 -0.9139512181282043457 -0.99212944507598876953 -1.0703077316284179688 -1.0703077316284179688 -1.148486018180847168
0.024187978357076644897 0.063277110457420349121 -0.05399028584361076355 -0.05399028584361076355 0.024187978357076644897 0.024187978357076644897 -0.093079417943954467773 -0.014901154674589633942 -0.05399028584361076355 -0.13216854631900787354 -0.28852507472038269043 -0.40579247474670410156 -0.36670333147048950195 -0.40579247474670410156 -0.44488161802291870117 -0.48397073149681091309 -0.56214898824691772461 -0.64032727479934692383 -0.56214898824691772461 -0.75759464502334594727 -0.71850556135177612305 -0.79668378829956054688 -0.71850556135177612305 -0.83577293157577514648 -0.87486207485198974609 -0.9139512181282043457 -0.99212944507598876953 -0.87486207485198974609 -0.75759464502334594727 -0.52305990457534790039 0.14145538210868835449 0.18054451048374176025 -0.28852507472038269043 -0.40579247474670410156 -0.52305990457534790039 -0.60123813152313232422 -0.56214898824691772461 -0.71850556135177612305 -0.79668378829956054688 -0.87486207485198974609 -0.87486207485198974609 -0.71850556135177612305 -0.83577293157577514648 -1.148486018180847168
0.063277110457420349121 -0.13216854631900787354 -0.014901154674589633942 -0.093079417943954467773 -0.05399028584361076355 -0.05399028584361076355 -0.05399028584361076355 -0.093079417943954467773 -0.17125768959522247314 -0.21034681797027587891 -0.24943594634532928467 -0.32761421799659729004 -0.28852507472038269043 -0.32761421799659729004 -0.48397073149681091309 -0.40579247474670410156 -0.52305990457534790039 -0.56214898824691772461 -0.52305990457534790039 -0.67941641807556152344 -0.64032727479934692383 -0.64032727479934692383 -0.75759464502334594727 -0.79668378829956054688 -0.83577293157577514648 -0.95304036140441894531 -0.87486207485198974609 -0.71850556135177612305 -0.36670333147048950195 -0.21034681797027587891 -0.093079417943954467773 -0.48397073149681091309 -0.60123813152313232422 -0.64032727479934692383 -0.71850556135177612305 -0.71850556135177612305 -0.52305990457534790039 -0.67941641807556152344 -0.75759464502334594727 -0.95304036140441894531 -1.0312186479568481445 -0.9139512181282043457 -0.79668378829956054688 -0.75759464502334594727
-0.17125768959522247314 -0.13216854631900787354 -0.093079417943954467773 -0.17125768959522247314 -0.17125768959522247314 -0.13216854631900787354 -0.093079417943954467773 -0.014901154674589633942 -0.13216854631900787354 -0.17125768959522247314 -0.21034681797027587891 -0.28852507472038269043 -0.24943594634532928467 -0.36670333147048950195 -0.40579247474670410156 -0.48397073149681091309 -0.36670333147048950195 -0.36670333147048950195 -0.36670333147048950195 -0.56214898824691772461 -0.48397073149681091309 -0.40579247474670410156 -0.17125768959522247314 -0.60123813152313232422 -0.71850556135177612305 -0.79668378829956054688 -0.95304036140441894531 -0.40579247474670410156 0.10236624628305435181 -0.56214898824691772461 -0.75759464502334594727 -0.79668378829956054688 -0.79668378829956054688 -0.75759464502334594727 -0.71850556135177612305 -0.64032727479934692383 -0.67941641807556152344 -0.83577293157577514648 -0.83577293157577514648 -0.79668378829956054688 -1.0703077316284179688 -1.109396815299987793 -1.148486018180847168 -1.109396815299987793
-0.24943594634532928467 -0.21034681797027587891 -0.21034681797027587891 -0.093079417943954467773 -0.093079417943954467773 -0.05399028584361076355 -0.014901154674589633942 -0.014901154674589633942 -0.05399028584361076355 -0.17125768959522247314 -0.17125768959522247314 -0.28852507472038269043 -0.24943594634532928467 -0.36670333147048950195 -0.36670333147048950195 -0.32761421799659729004 -0.36670333147048950195 -0.21034681797027587891 -0.32761421799659729004 -0.44488161802291870117 -0.32761421799659729004 -0.32761421799659729004 -0.014901154674589633942 -0.48397073149681091309 -0.13216854631900787354 -0.64032727479934692383 -0.52305990457534790039 -0.9139512181282043457 -0.79668378829956054688 -0.67941641807556152344 -0.83577293157577514648 -0.87486207485198974609 -0.75759464502334594727 -0.75759464502334594727 -0.67941641807556152344 -0.75759464502334594727 -0.56214898824691772461 -0.36670333147048950195 -0.95304036140441894531 -1.109396815299987793 -1.109396815299987793 -1.2657533884048461914 -1.2657533884048461914 -1.3439316749572753906
-0.21034681797027587891 -0.17125768959522247314 -0.13216854631900787354 -0.093079417943954467773 -0.13216854631900787354 -0.014901154674589633942 -0.014901154674589633942 -0.05399028584361076355 -0.05399028584361076355 -0.093079417943954467773 -0.17125768959522247314 -0.093079417943954467773 -0.21034681797027587891 -0.28852507472038269043 -0.40579247474670410156 -0.40579247474670410156 -0.093079417943954467773 -0.36670333147048950195 0.024187978357076644897 0.14145538210868835449 -0.093079417943954467773 -0.17125768959522247314 -0.28852507472038269043 -0.28852507472038269043 -0.44488161802291870117 -0.48397073149681091309 -0.79668378829956054688 -0.87486207485198974609 -0.79668378829956054688 -0.9139512181282043457 -0.95304036140441894531 -0.95304036140441894531 -0.79668378829956054688 -0.67941641807556152344 -0.48397073149681091309 -0.40579247474670410156 -0.71850556135177612305 -0.75759464502334594727 -0.83577293157577514648 -0.87486207485198974609 -1.0703077316284179688 -1.2266643047332763672 -1.3439316749572753906 -1.2657533884048461914
-0.13216854631900787354 -0.093079417943954467773 -0.13216854631900787354 -0.05399028584361076355 -0.014901154674589633942 -0.093079417943954467773 -0.093079417943954467773 -0.093079417943954467773 -0.05399028584361076355 -0.093079417943954467773 -0.13216854631900787354 -0.13216854631900787354 0.14145538210868835449 0.10236624628305435181 -0.32761421799659729004 -0.36670333147048950195 -0.28852507472038269043 -0.21034681797027587891 0.063277110457420349121 -0.093079417943954467773 -0.21034681797027587891 -0.21034681797027587891 -0.40579247474670410156 -0.32761421799659729004 -0.36670333147048950195 -0.44488161802291870117 -0.64032727479934692383 -0.79668378829956054688 -0.87486207485198974609 -0.67941641807556152344 -0.87486207485198974609 -0.87486207485198974609 -0.71850556135177612305 -0.56214898824691772461 -0.48397073149681091309 -0.60123813152313232422 -0.67941641807556152344 -0.75759464502334594727 -0.83577293157577514648 -0.9139512181282043457 -1.0312186479568481445 -1.109396815299987793 -1.3048424720764160156 -1.148486018180847168
-0.17125768959522247314 -0.093079417943954467773 -0.093079417943954467773 -0.05399028584361076355 -0.05399028584361076355 -0.05399028584361076355 -0.05399028584361076355 -0.093079417943954467773 -0.093079417943954467773 -0.093079417943954467773 -0.093079417943954467773 -0.13216854631900787354 -0.014901154674589633942 -0.17125768959522247314 -0.17125768959522247314 -0.24943594634532928467 -0.24943594634532928467 -0.28852507472038269043 -0.40579247474670410156 -0.24943594634532928467 -0.44488161802291870117 -0.17125768959522247314 -0.52305990457534790039 -0.32761421799659729004 -0.48397073149681091309 -0.56214898824691772461 -0.64032727479934692383 -0.52305990457534790039 -0.44488161802291870117 -0.24943594634532928467 -0.67941641807556152344 -0.79668378829956054688 -0.64032727479934692383 -0.67941641807556152344 -0.64032727479934692383 -0.83577293157577514648 -1.0703077316284179688 -1.1875751018524169922 -1.109396815299987793 -1.3439316749572753906 -1.3439316749572753906 -1.4221099615097045898 -1.3439316749572753906 -1.5002881288528442383
-0.093079417943954467773 -0.093079417943954467773 -0.05399028584361076355 -0.05399028584361076355 -0.05399028584361076355 -0.014901154674589633942 -0.014901154674589633942 -0.014901154674589633942 -0.05399028584361076355 -0.13216854631900787354 -0.17125768959522247314 -0.17125768959522247314 -0.24943594634532928467 -0.17125768959522247314 -0.24943594634532928467 -0.36670333147048950195 -0.32761421799659729004 -0.17125768959522247314 -0.44488161802291870117 -0.52305990457534790039 -0.64032727479934692383 -0.71850556135177612305 -0.093079417943954467773 -0.014901154674589633942 -0.36670333147048950195 -0.64032727479934692383 -0.60123813152313232422 -0.36670333147048950195 -0.093079417943954467773 0.29781189560890197754 -0.28852507472038269043 -0.48397073149681091309 -0.79668378829956054688 -0.95304036140441894531 -1.0312186479568481445 -1.1875751018524169922 -1.1875751018524169922 -1.3830207586288452148 -1.3439316749572753906 -1.4611990451812744141 -1.3830207586288452148 -1.5002881288528442383 -1.5393773317337036133 -9999
-0.093079417943954467773 -0.014901154674589633942 -0.014901154674589633942 -0.014901154674589633942 0.024187978357076644897 0.024187978357076644897 0.10236624628305435181 0.14145538210868835449 -0.014901154674589633942 -0.13216854631900787354 -0.17125768959522247314 -0.28852507472038269043 -0.093079417943954467773 -0.40579247474670410156 -0.48397073149681091309 -0.44488161802291870117 -0.56214898824691772461 -0.67941641807556152344 -0.83577293157577514648 -0.9139512181282043457 -0.79668378829956054688 -0.52305990457534790039 -0.17125768959522247314 -0.17125768959522247314 -0.17125768959522247314 -0.32761421799659729004 -0.52305990457534790039 -0.56214898824691772461 -0.48397073149681091309 -0.17125768959522247314 0.41507929563522338867 0.18054451048374176025 0.024187978357076644897 0.18054451048374176025 0.21963363885879516602 -0.64032727479934692383 -0.99212944507598876953 -0.95304036140441894531 -1.1875751018524169922 -1.5002881288528442383 -1.5002881288528442383 -1.5784664154052734375 -9999 -9999
-0.05399028584361076355 0.10236624628305435181 0.024187978357076644897 0.10236624628305435181 0.21963363885879516602 0.10236624628305435181 0.14145538210868835449 0.10236624628305435181 0.024187978357076644897 0.024187978357076644897 -0.13216854631900787354 -0.13216854631900787354 -0.05399028584361076355 -0.24943594634532928467 -0.48397073149681091309 -0.60123813152313232422 -0.64032727479934692383 -0.71850556135177612305 -0.83577293157577514648 -0.87486207485198974609 -0.87486207485198974609 -0.79668378829956054688 -0.60123813152313232422 -0.093079417943954467773 0.25872278213500976562 0.5323467254638671875 -0.28852507472038269043 -0.32761421799659729004 -0.44488161802291870117 -0.64032727479934692383 -0.87486207485198974609 -0.79668378829956054688 -0.67941641807556152344 -0.56214898824691772461 -0.99212944507598876953 -1.0703077316284179688 -1.148486018180847168 -1.2266643047332763672 -1.3048424720764160156 -1.4221099615097045898 -1.5784664154052734375 -9999 -9999 -9999
0.10236624628305435181 0.21963363885879516602 0.25872278213500976562 0.29781189560890197754 0.25872278213500976562 0.21963363885879516602 0.18054451048374176025 0.063277110457420349121 -0.014901154674589633942 -0.05399028584361076355 -0.17125768959522247314 -0.21034681797027587891 -0.13216854631900787354 -0.17125768959522247314 0.25872278213500976562 0.21963363885879516602 -0.24943594634532928467 -0.44488161802291870117 -0.44488161802291870117 -0.64032727479934692383 -0.67941641807556152344 -0.56214898824691772461 0.33690103888511657715 1.5095750093460083008 1.3923076391220092773 1.548664093017578125 0.92323803901672363281 0.76688146591186523438 0.063277110457420349121 0.64961409568786621094 0.14145538210868835449 -0.44488161802291870117 -1.0703077316284179688 -1.2266643047332763672 -1.3048424720764160156 -1.3048424720764160156 -1.2266643047332763672 -1.2657533884048461914 -1.4221099615097045898 -1.1875751018524169922 -1.5002881288528442383 -9999 -9999 -9999
0.14145538210868835449 0.18054451048374176025 0.33690103888511657715 0.37599018216133117676 0.21963363885879516602 0.41507929563522338867 0.18054451048374176025 0.063277110457420349121 -0.05399028584361076355 -0.014901154674589633942 0.024187978357076644897 0.21963363885879516602 -0.13216854631900787354 0.21963363885879516602 0.18054451048374176025 -0.28852507472038269043 -0.13216854631900787354 -0.17125768959522247314 -0.40579247474670410156 -0.05399028584361076355 -0.44488161802291870117 -0.75759464502334594727 0.72779238224029541016 0.80597060918807983398 1.001416325569152832 0.33690103888511657715 -0.52305990457534790039 -0.95304036140441894531 -0.95304036140441894531 -0.9139512181282043457 -0.9139512181282043457 -0.99212944507598876953 -1.4611990451812744141 -1.4611990451812744141 -0.87486207485198974609 -0.64032727479934692383 -1.0312186479568481445 -1.4611990451812744141 -1.5002881288528442383 -1.5393773317337036133 -9999 -9999 -9999 -9999
